TIMESTEP:    0.01
NPERIODS:    1
ALPHA:       0.01
PHI:         0.6
X0:          0
Z0:          0
               TIME:                   X                   Z
                   0                   0                   0
                0.01         6.05624e-07         3.81986e-05
                0.02         1.61496e-06         7.63964e-05
                0.03         3.02797e-06         0.000114592
                0.04          4.8446e-06         0.000152784
                0.05         7.06479e-06         0.000190972
                0.06         9.68845e-06         0.000229154
                0.07         1.27155e-05          0.00026733
                0.08         1.61458e-05         0.000305497
                0.09         1.99793e-05         0.000343654
                 0.1         2.42158e-05         0.000381801
                0.11         2.88552e-05         0.000419936
                0.12         3.38974e-05         0.000458058
                0.13          3.9342e-05         0.000496165
                0.14         4.51891e-05         0.000534257
                0.15         5.14384e-05         0.000572332
                0.16         5.80896e-05         0.000610389
                0.17         6.51426e-05         0.000648427
                0.18         7.25971e-05         0.000686444
                0.19         8.04529e-05         0.000724439
                 0.2         8.87097e-05         0.000762412
                0.21         9.73672e-05          0.00080036
                0.22         0.000106425         0.000838283
                0.23         0.000115883          0.00087618
                0.24         0.000125741         0.000914048
                0.25         0.000135999         0.000951888
                0.26         0.000146655         0.000989697
                0.27         0.000157711          0.00102747
                0.28         0.000169165          0.00106522
                0.29         0.000181017          0.00110293
                 0.3         0.000193267          0.00114061
                0.31         0.000205914          0.00117825
                0.32         0.000218958          0.00121585
                0.33         0.000232398          0.00125341
                0.34         0.000246235          0.00129094
                0.35         0.000260467          0.00132842
                0.36         0.000275094          0.00136586
                0.37         0.000290116          0.00140325
                0.38         0.000305532           0.0014406
                0.39         0.000321341          0.00147791
                 0.4         0.000337544          0.00151517
                0.41         0.000354139          0.00155238
                0.42         0.000371127          0.00158954
                0.43         0.000388506          0.00162665
                0.44         0.000406275           0.0016637
                0.45         0.000424436          0.00170071
                0.46         0.000442986          0.00173766
                0.47         0.000461925          0.00177455
                0.48         0.000481252          0.00181139
                0.49         0.000500968          0.00184817
                 0.5         0.000521071          0.00188489
                0.51          0.00054156          0.00192155
                0.52         0.000562436          0.00195815
                0.53         0.000583697          0.00199468
                0.54         0.000605342          0.00203115
                0.55         0.000627371          0.00206756
                0.56         0.000649784           0.0021039
                0.57         0.000672579          0.00214017
                0.58         0.000695756          0.00217638
                0.59         0.000719313          0.00221251
                 0.6         0.000743251          0.00224858
                0.61         0.000767568          0.00228457
                0.62         0.000792264          0.00232049
                0.63         0.000817338          0.00235633
                0.64         0.000842789           0.0023921
                0.65         0.000868616          0.00242779
                0.66         0.000894819          0.00246341
                0.67         0.000921396          0.00249894
                0.68         0.000948347           0.0025344
                0.69          0.00097567          0.00256977
                 0.7          0.00100337          0.00260506
                0.71          0.00103143          0.00264027
                0.72          0.00105987          0.00267539
                0.73          0.00108867          0.00271043
                0.74          0.00111785          0.00274538
                0.75          0.00114739          0.00278024
                0.76           0.0011773          0.00281502
                0.77          0.00120757           0.0028497
                0.78          0.00123821          0.00288429
                0.79          0.00126921          0.00291879
                 0.8          0.00130057          0.00295319
                0.81           0.0013323          0.00298751
                0.82          0.00136438          0.00302172
                0.83          0.00139683          0.00305584
                0.84          0.00142963          0.00308986
                0.85          0.00146279          0.00312378
                0.86          0.00149631           0.0031576
                0.87          0.00153018          0.00319132
                0.88          0.00156441          0.00322493
                0.89          0.00159899          0.00325845
                 0.9          0.00163392          0.00329186
                0.91           0.0016692          0.00332516
                0.92          0.00170483          0.00335835
                0.93          0.00174081          0.00339144
                0.94          0.00177714          0.00342442
                0.95          0.00181381          0.00345729
                0.96          0.00185083          0.00349005
                0.97          0.00188819           0.0035227
                0.98          0.00192589          0.00355523
                0.99          0.00196394          0.00358765
                   1          0.00200233          0.00361995
                1.01          0.00204105          0.00365214
                1.02          0.00208011          0.00368421
                1.03          0.00211951          0.00371616
                1.04          0.00215924            0.003748
                1.05          0.00219931          0.00377971
                1.06          0.00223971           0.0038113
                1.07          0.00228044          0.00384277
                1.08           0.0023215          0.00387411
                1.09          0.00236289          0.00390533
                 1.1          0.00240461          0.00393643
                1.11          0.00244665           0.0039674
                1.12          0.00248902          0.00399824
                1.13          0.00253171          0.00402895
                1.14          0.00257472          0.00405954
                1.15          0.00261806          0.00408999
                1.16          0.00266171          0.00412031
                1.17          0.00270568           0.0041505
                1.18          0.00274997          0.00418056
                1.19          0.00279457          0.00421048
                 1.2          0.00283948          0.00424027
                1.21          0.00288471          0.00426992
                1.22          0.00293025          0.00429943
                1.23          0.00297609           0.0043288
                1.24          0.00302225          0.00435804
                1.25          0.00306871          0.00438714
                1.26          0.00311547          0.00441609
                1.27          0.00316254           0.0044449
                1.28          0.00320991          0.00447357
                1.29          0.00325758           0.0045021
                 1.3          0.00330555          0.00453048
                1.31          0.00335381          0.00455872
                1.32          0.00340237          0.00458681
                1.33          0.00345123          0.00461475
                1.34          0.00350038          0.00464255
                1.35          0.00354982          0.00467019
                1.36          0.00359954          0.00469769
                1.37          0.00364956          0.00472503
                1.38          0.00369986          0.00475222
                1.39          0.00375044          0.00477926
                 1.4          0.00380131          0.00480615
                1.41          0.00385246          0.00483288
                1.42          0.00390389          0.00485945
                1.43           0.0039556          0.00488587
                1.44          0.00400758          0.00491214
                1.45          0.00405984          0.00493824
                1.46          0.00411237          0.00496419
                1.47          0.00416517          0.00498997
                1.48          0.00421825           0.0050156
                1.49          0.00427159          0.00504107
                 1.5          0.00432519          0.00506637
                1.51          0.00437906          0.00509151
                1.52          0.00443319          0.00511649
                1.53          0.00448759           0.0051413
                1.54          0.00454224          0.00516594
                1.55          0.00459715          0.00519043
                1.56          0.00465232          0.00521474
                1.57          0.00470774          0.00523889
                1.58          0.00476341          0.00526286
                1.59          0.00481934          0.00528667
                 1.6          0.00487551          0.00531031
                1.61          0.00493193          0.00533378
                1.62          0.00498859          0.00535708
                1.63           0.0050455           0.0053802
                1.64          0.00510265          0.00540315
                1.65          0.00516003          0.00542593
                1.66          0.00521766          0.00544853
                1.67          0.00527552          0.00547096
                1.68          0.00533362          0.00549321
                1.69          0.00539195          0.00551529
                 1.7          0.00545051          0.00553719
                1.71          0.00550929          0.00555891
                1.72          0.00556831          0.00558045
                1.73          0.00562754          0.00560181
                1.74          0.00568701          0.00562299
                1.75          0.00574669            0.005644
                1.76          0.00580659          0.00566482
                1.77          0.00586671          0.00568545
                1.78          0.00592704          0.00570591
                1.79          0.00598759          0.00572618
                 1.8          0.00604835          0.00574627
                1.81          0.00610931          0.00576617
                1.82          0.00617049          0.00578589
                1.83          0.00623187          0.00580542
                1.84          0.00629345          0.00582476
                1.85          0.00635524          0.00584392
                1.86          0.00641723          0.00586289
                1.87          0.00647941          0.00588167
                1.88          0.00654179          0.00590026
                1.89          0.00660436          0.00591867
                 1.9          0.00666713          0.00593688
                1.91          0.00673008           0.0059549
                1.92          0.00679322          0.00597273
                1.93          0.00685655          0.00599037
                1.94          0.00692006          0.00600781
                1.95          0.00698375          0.00602506
                1.96          0.00704762          0.00604212
                1.97          0.00711167          0.00605898
                1.98           0.0071759          0.00607565
                1.99           0.0072403          0.00609213
                   2          0.00730487           0.0061084
                2.01          0.00736961          0.00612449
                2.02          0.00743452          0.00614037
                2.03          0.00749959          0.00615606
                2.04          0.00756482          0.00617155
                2.05          0.00763022          0.00618684
                2.06          0.00769577          0.00620193
                2.07          0.00776149          0.00621682
                2.08          0.00782735          0.00623151
                2.09          0.00789337            0.006246
                 2.1          0.00795954          0.00626029
                2.11          0.00802586          0.00627438
                2.12          0.00809233          0.00628827
                2.13          0.00815894          0.00630196
                2.14          0.00822569          0.00631544
                2.15          0.00829258          0.00632872
                2.16          0.00835961           0.0063418
                2.17          0.00842678          0.00635467
                2.18          0.00849408          0.00636734
                2.19          0.00856151           0.0063798
                 2.2          0.00862907          0.00639206
                2.21          0.00869675          0.00640411
                2.22          0.00876457          0.00641596
                2.23           0.0088325           0.0064276
                2.24          0.00890056          0.00643903
                2.25          0.00896873          0.00645026
                2.26          0.00903702          0.00646128
                2.27          0.00910543          0.00647209
                2.28          0.00917394          0.00648269
                2.29          0.00924257          0.00649309
                 2.3           0.0093113          0.00650327
                2.31          0.00938014          0.00651325
                2.32          0.00944909          0.00652302
                2.33          0.00951813          0.00653257
                2.34          0.00958727          0.00654192
                2.35          0.00965651          0.00655106
                2.36          0.00972585          0.00655999
                2.37          0.00979527           0.0065687
                2.38          0.00986479           0.0065772
                2.39          0.00993439           0.0065855
                 2.4           0.0100041          0.00659358
                2.41           0.0100739          0.00660145
                2.42           0.0101437           0.0066091
                2.43           0.0102136          0.00661655
                2.44           0.0102837          0.00662378
                2.45           0.0103537           0.0066308
                2.46           0.0104239           0.0066376
                2.47           0.0104941          0.00664419
                2.48           0.0105644          0.00665057
                2.49           0.0106348          0.00665673
                 2.5           0.0107052          0.00666268
                2.51           0.0107757          0.00666842
                2.52           0.0108462          0.00667394
                2.53           0.0109168          0.00667925
                2.54           0.0109875          0.00668434
                2.55           0.0110582          0.00668922
                2.56            0.011129          0.00669388
                2.57           0.0111998          0.00669832
                2.58           0.0112706          0.00670255
                2.59           0.0113415          0.00670657
                 2.6           0.0114124          0.00671037
                2.61           0.0114834          0.00671395
                2.62           0.0115544          0.00671732
                2.63           0.0116255          0.00672047
                2.64           0.0116965          0.00672341
                2.65           0.0117676          0.00672613
                2.66           0.0118388          0.00672863
                2.67           0.0119099          0.00673092
                2.68           0.0119811          0.00673299
                2.69           0.0120523          0.00673484
                 2.7           0.0121235          0.00673648
                2.71           0.0121948           0.0067379
                2.72            0.012266           0.0067391
                2.73           0.0123373          0.00674009
                2.74           0.0124085          0.00674086
                2.75           0.0124798          0.00674141
                2.76           0.0125511          0.00674175
                2.77           0.0126224          0.00674187
                2.78           0.0126937          0.00674177
                2.79           0.0127649          0.00674146
                 2.8           0.0128362          0.00674093
                2.81           0.0129075          0.00674018
                2.82           0.0129787          0.00673922
                2.83             0.01305          0.00673803
                2.84           0.0131212          0.00673664
                2.85           0.0131924          0.00673502
                2.86           0.0132637          0.00673319
                2.87           0.0133348          0.00673114
                2.88            0.013406          0.00672888
                2.89           0.0134771           0.0067264
                 2.9           0.0135482           0.0067237
                2.91           0.0136193          0.00672079
                2.92           0.0136904          0.00671766
                2.93           0.0137614          0.00671432
                2.94           0.0138323          0.00671075
                2.95           0.0139033          0.00670698
                2.96           0.0139742          0.00670298
                2.97            0.014045          0.00669878
                2.98           0.0141158          0.00669435
                2.99           0.0141866          0.00668971
                   3           0.0142573          0.00668486
                3.01            0.014328          0.00667979
                3.02           0.0143986          0.00667451
                3.03           0.0144691          0.00666901
                3.04           0.0145396          0.00666329
                3.05           0.0146101          0.00665737
                3.06           0.0146804          0.00665123
                3.07           0.0147507          0.00664487
                3.08            0.014821           0.0066383
                3.09           0.0148911          0.00663152
                 3.1           0.0149612          0.00662452
                3.11           0.0150312          0.00661731
                3.12           0.0151012          0.00660989
                3.13            0.015171          0.00660226
                3.14           0.0152408          0.00659441
                3.15           0.0153105          0.00658635
                3.16           0.0153801          0.00657808
                3.17           0.0154497           0.0065696
                3.18           0.0155191          0.00656091
                3.19           0.0155884            0.006552
                 3.2           0.0156577          0.00654289
                3.21           0.0157268          0.00653356
                3.22           0.0157959          0.00652403
                3.23           0.0158649          0.00651428
                3.24           0.0159337          0.00650433
                3.25           0.0160025          0.00649416
                3.26           0.0160711          0.00648379
                3.27           0.0161396          0.00647321
                3.28            0.016208          0.00646242
                3.29           0.0162763          0.00645142
                 3.3           0.0163445          0.00644022
                3.31           0.0164126           0.0064288
                3.32           0.0164805          0.00641719
                3.33           0.0165484          0.00640536
                3.34           0.0166161          0.00639333
                3.35           0.0166836          0.00638109
                3.36           0.0167511          0.00636865
                3.37           0.0168184            0.006356
                3.38           0.0168856          0.00634315
                3.39           0.0169526           0.0063301
                 3.4           0.0170195          0.00631684
                3.41           0.0170863          0.00630338
                3.42           0.0171529          0.00628971
                3.43           0.0172194          0.00627585
                3.44           0.0172857          0.00626178
                3.45           0.0173519          0.00624751
                3.46            0.017418          0.00623304
                3.47           0.0174838          0.00621837
                3.48           0.0175496           0.0062035
                3.49           0.0176151          0.00618843
                 3.5           0.0176805          0.00617316
                3.51           0.0177458          0.00615769
                3.52           0.0178109          0.00614202
                3.53           0.0178758          0.00612616
                3.54           0.0179406           0.0061101
                3.55           0.0180052          0.00609384
                3.56           0.0180696          0.00607739
                3.57           0.0181338          0.00606074
                3.58           0.0181979           0.0060439
                3.59           0.0182618          0.00602686
                 3.6           0.0183255          0.00600963
                3.61            0.018389           0.0059922
                3.62           0.0184524          0.00597458
                3.63           0.0185155          0.00595677
                3.64           0.0185785          0.00593877
                3.65           0.0186413          0.00592058
                3.66           0.0187039           0.0059022
                3.67           0.0187663          0.00588363
                3.68           0.0188285          0.00586487
                3.69           0.0188905          0.00584592
                 3.7           0.0189523          0.00582678
                3.71           0.0190139          0.00580745
                3.72           0.0190753          0.00578794
                3.73           0.0191365          0.00576824
                3.74           0.0191975          0.00574836
                3.75           0.0192583          0.00572829
                3.76           0.0193188          0.00570804
                3.77           0.0193792           0.0056876
                3.78           0.0194393          0.00566698
                3.79           0.0194993          0.00564618
                 3.8            0.019559           0.0056252
                3.81           0.0196185          0.00560404
                3.82           0.0196777          0.00558269
                3.83           0.0197368          0.00556117
                3.84           0.0197956          0.00553947
                3.85           0.0198541          0.00551759
                3.86           0.0199125          0.00549553
                3.87           0.0199706           0.0054733
                3.88           0.0200285          0.00545089
                3.89           0.0200862           0.0054283
                 3.9           0.0201436          0.00540554
                3.91           0.0202007          0.00538261
                3.92           0.0202577           0.0053595
                3.93           0.0203144          0.00533623
                3.94           0.0203708          0.00531278
                3.95            0.020427          0.00528915
                3.96            0.020483          0.00526536
                3.97           0.0205387           0.0052414
                3.98           0.0205941          0.00521727
                3.99           0.0206493          0.00519298
                   4           0.0207042          0.00516851
                4.01           0.0207589          0.00514389
                4.02           0.0208133          0.00511909
                4.03           0.0208675          0.00509413
                4.04           0.0209214          0.00506901
                4.05            0.020975          0.00504372
                4.06           0.0210284          0.00501827
                4.07           0.0210815          0.00499266
                4.08           0.0211343          0.00496689
                4.09           0.0211869          0.00494096
                 4.1           0.0212392          0.00491488
                4.11           0.0212912          0.00488863
                4.12           0.0213429          0.00486223
                4.13           0.0213944          0.00483567
                4.14           0.0214456          0.00480895
                4.15           0.0214965          0.00478208
                4.16           0.0215471          0.00475506
                4.17           0.0215974          0.00472788
                4.18           0.0216474          0.00470055
                4.19           0.0216972          0.00467308
                 4.2           0.0217467          0.00464545
                4.21           0.0217958          0.00461767
                4.22           0.0218447          0.00458974
                4.23           0.0218933          0.00456167
                4.24           0.0219416          0.00453345
                4.25           0.0219896          0.00450508
                4.26           0.0220373          0.00447657
                4.27           0.0220847          0.00444791
                4.28           0.0221318          0.00441911
                4.29           0.0221786          0.00439017
                 4.3           0.0222251          0.00436109
                4.31           0.0222713          0.00433187
                4.32           0.0223172          0.00430251
                4.33           0.0223627          0.00427301
                4.34            0.022408          0.00424338
                4.35            0.022453           0.0042136
                4.36           0.0224976           0.0041837
                4.37           0.0225419          0.00415365
                4.38           0.0225859          0.00412348
                4.39           0.0226296          0.00409317
                 4.4            0.022673          0.00406273
                4.41            0.022716          0.00403216
                4.42           0.0227587          0.00400146
                4.43           0.0228011          0.00397063
                4.44           0.0228432          0.00393968
                4.45            0.022885          0.00390859
                4.46           0.0229264          0.00387739
                4.47           0.0229675          0.00384605
                4.48           0.0230083           0.0038146
                4.49           0.0230487          0.00378302
                 4.5           0.0230888          0.00375132
                4.51           0.0231286           0.0037195
                4.52            0.023168          0.00368756
                4.53           0.0232071           0.0036555
                4.54           0.0232458          0.00362333
                4.55           0.0232843          0.00359104
                4.56           0.0233223          0.00355863
                4.57           0.0233601          0.00352611
                4.58           0.0233975          0.00349347
                4.59           0.0234345          0.00346073
                 4.6           0.0234712          0.00342787
                4.61           0.0235076           0.0033949
                4.62           0.0235436          0.00336182
                4.63           0.0235793          0.00332864
                4.64           0.0236146          0.00329535
                4.65           0.0236496          0.00326195
                4.66           0.0236842          0.00322845
                4.67           0.0237185          0.00319484
                4.68           0.0237524          0.00316113
                4.69           0.0237859          0.00312732
                 4.7           0.0238191          0.00309341
                4.71            0.023852           0.0030594
                4.72           0.0238844           0.0030253
                4.73           0.0239166          0.00299109
                4.74           0.0239483          0.00295679
                4.75           0.0239797           0.0029224
                4.76           0.0240108          0.00288791
                4.77           0.0240414          0.00285332
                4.78           0.0240718          0.00281865
                4.79           0.0241017          0.00278389
                 4.8           0.0241313          0.00274903
                4.81           0.0241605          0.00271409
                4.82           0.0241893          0.00267906
                4.83           0.0242178          0.00264395
                4.84           0.0242459          0.00260875
                4.85           0.0242737          0.00257347
                4.86            0.024301           0.0025381
                4.87            0.024328          0.00250266
                4.88           0.0243546          0.00246713
                4.89           0.0243809          0.00243152
                 4.9           0.0244067          0.00239584
                4.91           0.0244322          0.00236008
                4.92           0.0244573          0.00232424
                4.93           0.0244821          0.00228833
                4.94           0.0245064          0.00225235
                4.95           0.0245304          0.00221629
                4.96            0.024554          0.00218016
                4.97           0.0245772          0.00214397
                4.98           0.0246001           0.0021077
                4.99           0.0246225          0.00207137
                   5           0.0246446          0.00203497
                5.01           0.0246663           0.0019985
                5.02           0.0246876          0.00196197
                5.03           0.0247085          0.00192538
                5.04            0.024729          0.00188873
                5.05           0.0247492          0.00185201
                5.06           0.0247689          0.00181524
                5.07           0.0247883          0.00177841
                5.08           0.0248073          0.00174152
                5.09           0.0248259          0.00170458
                 5.1           0.0248441          0.00166758
                5.11           0.0248619          0.00163053
                5.12           0.0248793          0.00159342
                5.13           0.0248963          0.00155627
                5.14           0.0249129          0.00151906
                5.15           0.0249292          0.00148181
                5.16            0.024945          0.00144451
                5.17           0.0249605          0.00140717
                5.18           0.0249756          0.00136977
                5.19           0.0249902          0.00133234
                 5.2           0.0250045          0.00129486
                5.21           0.0250184          0.00125734
                5.22           0.0250319          0.00121978
                5.23           0.0250449          0.00118218
                5.24           0.0250576          0.00114455
                5.25           0.0250699          0.00110688
                5.26           0.0250818          0.00106917
                5.27           0.0250933          0.00103143
                5.28           0.0251044         0.000993653
                5.29           0.0251151         0.000955847
                 5.3           0.0251254         0.000918011
                5.31           0.0251353         0.000880145
                5.32           0.0251448         0.000842251
                5.33           0.0251539         0.000804331
                5.34           0.0251626         0.000766385
                5.35           0.0251709         0.000728415
                5.36           0.0251788         0.000690422
                5.37           0.0251863         0.000652407
                5.38           0.0251934         0.000614372
                5.39           0.0252001         0.000576317
                 5.4           0.0252064         0.000538243
                5.41           0.0252123         0.000500153
                5.42           0.0252178         0.000462047
                5.43           0.0252228         0.000423927
                5.44           0.0252275         0.000385793
                5.45           0.0252318         0.000347648
                5.46           0.0252357         0.000309491
                5.47           0.0252392         0.000271325
                5.48           0.0252422         0.000233151
                5.49           0.0252449          0.00019497
                 5.5           0.0252472         0.000156782
                5.51            0.025249          0.00011859
                5.52           0.0252505         8.03948e-05
                5.53           0.0252515         4.21972e-05
                5.54           0.0252522         3.99865e-06
                5.55           0.0252524        -3.41996e-05
                5.56           0.0252522        -7.23964e-05
                5.57           0.0252517        -0.000110591
                5.58           0.0252507        -0.000148781
                5.59           0.0252493        -0.000186966
                 5.6           0.0252476        -0.000225144
                5.61           0.0252454        -0.000263315
                5.62           0.0252428        -0.000301477
                5.63           0.0252398        -0.000339629
                5.64           0.0252364        -0.000377769
                5.65           0.0252326        -0.000415897
                5.66           0.0252285        -0.000454011
                5.67           0.0252239         -0.00049211
                5.68           0.0252189        -0.000530193
                5.69           0.0252135        -0.000568258
                 5.7           0.0252076        -0.000606305
                5.71           0.0252014        -0.000644332
                5.72           0.0251948        -0.000682337
                5.73           0.0251878         -0.00072032
                5.74           0.0251804         -0.00075828
                5.75           0.0251726        -0.000796215
                5.76           0.0251644        -0.000834123
                5.77           0.0251557        -0.000872005
                5.78           0.0251467        -0.000909858
                5.79           0.0251373        -0.000947681
                 5.8           0.0251275        -0.000985473
                5.81           0.0251173         -0.00102323
                5.82           0.0251066         -0.00106096
                5.83           0.0250956         -0.00109865
                5.84           0.0250842         -0.00113631
                5.85           0.0250724         -0.00117393
                5.86           0.0250602         -0.00121151
                5.87           0.0250476         -0.00124905
                5.88           0.0250346         -0.00128655
                5.89           0.0250211         -0.00132401
                 5.9           0.0250073         -0.00136143
                5.91           0.0249931          -0.0013988
                5.92           0.0249785         -0.00143613
                5.93           0.0249636          -0.0014734
                5.94           0.0249482         -0.00151064
                5.95           0.0249324         -0.00154782
                5.96           0.0249162         -0.00158495
                5.97           0.0248997         -0.00162203
                5.98           0.0248827         -0.00165906
                5.99           0.0248653         -0.00169604
                   6           0.0248476         -0.00173296
                6.01           0.0248295         -0.00176982
                6.02           0.0248109         -0.00180662
                6.03            0.024792         -0.00184337
                6.04           0.0247727         -0.00188006
                6.05            0.024753         -0.00191669
                6.06            0.024733         -0.00195325
                6.07           0.0247125         -0.00198975
                6.08           0.0246916         -0.00202619
                6.09           0.0246704         -0.00206256
                 6.1           0.0246488         -0.00209886
                6.11           0.0246268          -0.0021351
                6.12           0.0246044         -0.00217126
                6.13           0.0245816         -0.00220736
                6.14           0.0245584         -0.00224339
                6.15           0.0245349         -0.00227934
                6.16            0.024511         -0.00231522
                6.17           0.0244867         -0.00235102
                6.18            0.024462         -0.00238675
                6.19           0.0244369          -0.0024224
                 6.2           0.0244115         -0.00245797
                6.21           0.0243857         -0.00249346
                6.22           0.0243595         -0.00252887
                6.23           0.0243329          -0.0025642
                6.24            0.024306         -0.00259945
                6.25           0.0242787         -0.00263461
                6.26            0.024251         -0.00266968
                6.27           0.0242229         -0.00270467
                6.28           0.0241945         -0.00273958
                6.29           0.0241657         -0.00277439
                 6.3           0.0241365         -0.00280912
                6.31            0.024107         -0.00284375
                6.32           0.0240771         -0.00287829
                6.33           0.0240468         -0.00291274
                6.34           0.0240162         -0.00294709
                6.35           0.0239852         -0.00298135
                6.36           0.0239538         -0.00301551
                6.37           0.0239221         -0.00304958
                6.38             0.02389         -0.00308354
                6.39           0.0238575         -0.00311741
                 6.4           0.0238247         -0.00315117
                6.41           0.0237916         -0.00318484
                6.42            0.023758          -0.0032184
                6.43           0.0237242         -0.00325185
                6.44           0.0236899         -0.00328521
                6.45           0.0236553         -0.00331845
                6.46           0.0236204         -0.00335159
                6.47           0.0235851         -0.00338462
                6.48           0.0235495         -0.00341754
                6.49           0.0235135         -0.00345035
                 6.5           0.0234771         -0.00348304
                6.51           0.0234405         -0.00351563
                6.52           0.0234034          -0.0035481
                6.53            0.023366         -0.00358046
                6.54           0.0233283          -0.0036127
                6.55           0.0232903         -0.00364482
                6.56           0.0232519         -0.00367683
                6.57           0.0232131         -0.00370871
                6.58            0.023174         -0.00374048
                6.59           0.0231346         -0.00377213
                 6.6           0.0230949         -0.00380365
                6.61           0.0230548         -0.00383505
                6.62           0.0230144         -0.00386633
                6.63           0.0229736         -0.00389748
                6.64           0.0229325         -0.00392851
                6.65           0.0228911         -0.00395941
                6.66           0.0228494         -0.00399018
                6.67           0.0228073         -0.00402083
                6.68           0.0227649         -0.00405134
                6.69           0.0227222         -0.00408172
                 6.7           0.0226791         -0.00411197
                6.71           0.0226358         -0.00414209
                6.72           0.0225921         -0.00417207
                6.73           0.0225481         -0.00420192
                6.74           0.0225038         -0.00423163
                6.75           0.0224592         -0.00426121
                6.76           0.0224142         -0.00429065
                6.77            0.022369         -0.00431994
                6.78           0.0223234          -0.0043491
                6.79           0.0222775         -0.00437812
                 6.8           0.0222313           -0.004407
                6.81           0.0221848         -0.00443574
                6.82            0.022138         -0.00446433
                6.83           0.0220909         -0.00449278
                6.84           0.0220435         -0.00452108
                6.85           0.0219958         -0.00454924
                6.86           0.0219478         -0.00457725
                6.87           0.0218995         -0.00460511
                6.88           0.0218509         -0.00463282
                6.89            0.021802         -0.00466038
                 6.9           0.0217528          -0.0046878
                6.91           0.0217034         -0.00471506
                6.92           0.0216536         -0.00474217
                6.93           0.0216036         -0.00476912
                6.94           0.0215532         -0.00479593
                6.95           0.0215026         -0.00482257
                6.96           0.0214517         -0.00484906
                6.97           0.0214005          -0.0048754
                6.98            0.021349         -0.00490158
                6.99           0.0212973         -0.00492759
                   7           0.0212453         -0.00495345
                7.01            0.021193         -0.00497915
                7.02           0.0211404         -0.00500469
                7.03           0.0210876         -0.00503007
                7.04           0.0210344         -0.00505528
                7.05           0.0209811         -0.00508033
                7.06           0.0209274         -0.00510522
                7.07           0.0208735         -0.00512994
                7.08           0.0208193          -0.0051545
                7.09           0.0207649         -0.00517889
                 7.1           0.0207102         -0.00520311
                7.11           0.0206553         -0.00522717
                7.12           0.0206001         -0.00525105
                7.13           0.0205446         -0.00527477
                7.14           0.0204889         -0.00529832
                7.15            0.020433         -0.00532169
                7.16           0.0203767         -0.00534489
                7.17           0.0203203         -0.00536792
                7.18           0.0202636         -0.00539078
                7.19           0.0202067         -0.00541346
                 7.2           0.0201495         -0.00543597
                7.21            0.020092         -0.00545831
                7.22           0.0200344         -0.00548046
                7.23           0.0199765         -0.00550244
                7.24           0.0199184         -0.00552424
                7.25             0.01986         -0.00554587
                7.26           0.0198014         -0.00556731
                7.27           0.0197426         -0.00558857
                7.28           0.0196836         -0.00560966
                7.29           0.0196243         -0.00563056
                 7.3           0.0195648         -0.00565128
                7.31           0.0195051         -0.00567182
                7.32           0.0194452         -0.00569218
                7.33            0.019385         -0.00571235
                7.34           0.0193247         -0.00573233
                7.35           0.0192641         -0.00575214
                7.36           0.0192033         -0.00577175
                7.37           0.0191424         -0.00579118
                7.38           0.0190812         -0.00581043
                7.39           0.0190198         -0.00582948
                 7.4           0.0189582         -0.00584835
                7.41           0.0188964         -0.00586703
                7.42           0.0188344         -0.00588551
                7.43           0.0187722         -0.00590381
                7.44           0.0187098         -0.00592192
                7.45           0.0186472         -0.00593984
                7.46           0.0185844         -0.00595756
                7.47           0.0185215          -0.0059751
                7.48           0.0184583         -0.00599244
                7.49            0.018395         -0.00600958
                 7.5           0.0183315         -0.00602653
                7.51           0.0182678         -0.00604329
                7.52           0.0182039         -0.00605986
                7.53           0.0181399         -0.00607622
                7.54           0.0180757         -0.00609239
                7.55           0.0180113         -0.00610837
                7.56           0.0179467         -0.00612414
                7.57            0.017882         -0.00613972
                7.58           0.0178171          -0.0061551
                7.59            0.017752         -0.00617029
                 7.6           0.0176868         -0.00618527
                7.61           0.0176215         -0.00620005
                7.62           0.0175559         -0.00621464
                7.63           0.0174902         -0.00622902
                7.64           0.0174244          -0.0062432
                7.65           0.0173584         -0.00625718
                7.66           0.0172923         -0.00627096
                7.67            0.017226         -0.00628453
                7.68           0.0171596          -0.0062979
                7.69            0.017093         -0.00631107
                 7.7           0.0170263         -0.00632404
                7.71           0.0169594          -0.0063368
                7.72           0.0168925         -0.00634936
                7.73           0.0168254         -0.00636171
                7.74           0.0167581         -0.00637386
                7.75           0.0166907          -0.0063858
                7.76           0.0166232         -0.00639753
                7.77           0.0165556         -0.00640906
                7.78           0.0164879         -0.00642038
                7.79             0.01642         -0.00643149
                 7.8            0.016352          -0.0064424
                7.81           0.0162839          -0.0064531
                7.82           0.0162157         -0.00646359
                7.83           0.0161474         -0.00647387
                7.84            0.016079         -0.00648394
                7.85           0.0160104          -0.0064938
                7.86           0.0159418         -0.00650346
                7.87            0.015873          -0.0065129
                7.88           0.0158042         -0.00652213
                7.89           0.0157353         -0.00653115
                 7.9           0.0156662         -0.00653997
                7.91           0.0155971         -0.00654857
                7.92           0.0155279         -0.00655696
                7.93           0.0154586         -0.00656513
                7.94           0.0153892          -0.0065731
                7.95           0.0153197         -0.00658085
                7.96           0.0152501         -0.00658839
                7.97           0.0151805         -0.00659572
                7.98           0.0151108         -0.00660284
                7.99            0.015041         -0.00660974
                   8           0.0149711         -0.00661643
                8.01           0.0149012          -0.0066229
                8.02           0.0148312         -0.00662916
                8.03           0.0147611         -0.00663521
                8.04            0.014691         -0.00664104
                8.05           0.0146208         -0.00664666
                8.06           0.0145505         -0.00665207
                8.07           0.0144802         -0.00665726
                8.08           0.0144099         -0.00666223
                8.09           0.0143395         -0.00666699
                 8.1            0.014269         -0.00667154
                8.11           0.0141985         -0.00667586
                8.12           0.0141279         -0.00667998
                8.13           0.0140573         -0.00668388
                8.14           0.0139867         -0.00668756
                8.15            0.013916         -0.00669102
                8.16           0.0138453         -0.00669427
                8.17           0.0137745         -0.00669731
                8.18           0.0137038         -0.00670013
                8.19            0.013633         -0.00670273
                 8.2           0.0135621         -0.00670511
                8.21           0.0134913         -0.00670728
                8.22           0.0134204         -0.00670923
                8.23           0.0133495         -0.00671097
                8.24           0.0132786         -0.00671249
                8.25           0.0132076         -0.00671379
                8.26           0.0131367         -0.00671488
                8.27           0.0130657         -0.00671575
                8.28           0.0129948          -0.0067164
                8.29           0.0129238         -0.00671683
                 8.3           0.0128528         -0.00671705
                8.31           0.0127819         -0.00671705
                8.32           0.0127109         -0.00671684
                8.33           0.0126399         -0.00671641
                8.34           0.0125689         -0.00671576
                8.35            0.012498         -0.00671489
                8.36            0.012427         -0.00671381
                8.37           0.0123561         -0.00671251
                8.38           0.0122852           -0.006711
                8.39           0.0122143         -0.00670926
                 8.4           0.0121434         -0.00670732
                8.41           0.0120726         -0.00670515
                8.42           0.0120017         -0.00670277
                8.43           0.0119309         -0.00670017
                8.44           0.0118601         -0.00669736
                8.45           0.0117894         -0.00669432
                8.46           0.0117187         -0.00669108
                8.47            0.011648         -0.00668762
                8.48           0.0115774         -0.00668394
                8.49           0.0115068         -0.00668004
                 8.5           0.0114362         -0.00667593
                8.51           0.0113657         -0.00667161
                8.52           0.0112952         -0.00666707
                8.53           0.0112248         -0.00666231
                8.54           0.0111544         -0.00665734
                8.55           0.0110841         -0.00665215
                8.56           0.0110139         -0.00664675
                8.57           0.0109437         -0.00664114
                8.58           0.0108736         -0.00663531
                8.59           0.0108035         -0.00662926
                 8.6           0.0107335           -0.006623
                8.61           0.0106635         -0.00661653
                8.62           0.0105937         -0.00660985
                8.63           0.0105239         -0.00660295
                8.64           0.0104542         -0.00659584
                8.65           0.0103845         -0.00658851
                8.66            0.010315         -0.00658098
                8.67           0.0102455         -0.00657323
                8.68           0.0101761         -0.00656526
                8.69           0.0101068         -0.00655709
                 8.7           0.0100376          -0.0065487
                8.71          0.00996844         -0.00654011
                8.72           0.0098994          -0.0065313
                8.73          0.00983046         -0.00652228
                8.74          0.00976161         -0.00651305
                8.75          0.00969287         -0.00650361
                8.76          0.00962423         -0.00649396
                8.77          0.00955569          -0.0064841
                8.78          0.00948726         -0.00647403
                8.79          0.00941893         -0.00646375
                 8.8          0.00935072         -0.00645327
                8.81          0.00928262         -0.00644257
                8.82          0.00921463         -0.00643167
                8.83          0.00914677         -0.00642056
                8.84          0.00907902         -0.00640924
                8.85           0.0090114         -0.00639772
                8.86          0.00894389         -0.00638599
                8.87          0.00887652         -0.00637405
                8.88          0.00880927         -0.00636191
                8.89          0.00874216         -0.00634956
                 8.9          0.00867518           -0.006337
                8.91          0.00860833         -0.00632425
                8.92          0.00854162         -0.00631128
                8.93          0.00847505         -0.00629812
                8.94          0.00840862         -0.00628475
                8.95          0.00834233         -0.00627118
                8.96           0.0082762          -0.0062574
                8.97           0.0082102         -0.00624343
                8.98          0.00814436         -0.00622925
                8.99          0.00807868         -0.00621487
                   9          0.00801314         -0.00620029
                9.01          0.00794777         -0.00618551
                9.02          0.00788255         -0.00617053
                9.03          0.00781749         -0.00615535
                9.04           0.0077526         -0.00613997
                9.05          0.00768787          -0.0061244
                9.06          0.00762331         -0.00610862
                9.07          0.00755891         -0.00609265
                9.08          0.00749469         -0.00607648
                9.09          0.00743065         -0.00606012
                 9.1          0.00736678         -0.00604356
                9.11          0.00730308         -0.00602681
                9.12          0.00723957         -0.00600986
                9.13          0.00717624         -0.00599271
                9.14          0.00711309         -0.00597538
                9.15          0.00705013         -0.00595785
                9.16          0.00698735         -0.00594013
                9.17          0.00692477         -0.00592221
                9.18          0.00686238         -0.00590411
                9.19          0.00680018         -0.00588581
                 9.2          0.00673818         -0.00586733
                9.21          0.00667638         -0.00584865
                9.22          0.00661477         -0.00582979
                9.23          0.00655337         -0.00581073
                9.24          0.00649218         -0.00579149
                9.25          0.00643119         -0.00577207
                9.26          0.00637041         -0.00575245
                9.27          0.00630984         -0.00573266
                9.28          0.00624948         -0.00571267
                9.29          0.00618933          -0.0056925
                 9.3           0.0061294         -0.00567215
                9.31          0.00606969         -0.00565161
                9.32           0.0060102          -0.0056309
                9.33          0.00595093            -0.00561
                9.34          0.00589189         -0.00558892
                9.35          0.00583307         -0.00556765
                9.36          0.00577448         -0.00554621
                9.37          0.00571611         -0.00552459
                9.38          0.00565798         -0.00550279
                9.39          0.00560009         -0.00548082
                 9.4          0.00554242         -0.00545866
                9.41            0.005485         -0.00543633
                9.42          0.00542781         -0.00541383
                9.43          0.00537087         -0.00539115
                9.44          0.00531417         -0.00536829
                9.45          0.00525771         -0.00534527
                9.46           0.0052015         -0.00532207
                9.47          0.00514554         -0.00529869
                9.48          0.00508982         -0.00527515
                9.49          0.00503436         -0.00525144
                 9.5          0.00497915         -0.00522755
                9.51           0.0049242          -0.0052035
                9.52          0.00486951         -0.00517928
                9.53          0.00481507         -0.00515489
                9.54           0.0047609         -0.00513034
                9.55          0.00470698         -0.00510562
                9.56          0.00465334         -0.00508074
                9.57          0.00459995         -0.00505569
                9.58          0.00454684         -0.00503048
                9.59            0.004494          -0.0050051
                 9.6          0.00444142         -0.00497957
                9.61          0.00438912         -0.00495387
                9.62           0.0043371         -0.00492801
                9.63          0.00428535           -0.004902
                9.64          0.00423387         -0.00487582
                9.65          0.00418268         -0.00484949
                9.66          0.00413177           -0.004823
                9.67          0.00408114         -0.00479636
                9.68           0.0040308         -0.00476956
                9.69          0.00398074          -0.0047426
                 9.7          0.00393097          -0.0047155
                9.71          0.00388149         -0.00468824
                9.72          0.00383231         -0.00466083
                9.73          0.00378341         -0.00463327
                9.74          0.00373481         -0.00460556
                9.75           0.0036865          -0.0045777
                9.76          0.00363849         -0.00454969
                9.77          0.00359078         -0.00452154
                9.78          0.00354338         -0.00449323
                9.79          0.00349627         -0.00446479
                 9.8          0.00344947          -0.0044362
                9.81          0.00340297         -0.00440747
                9.82          0.00335678         -0.00437859
                9.83          0.00331089         -0.00434957
                9.84          0.00326532         -0.00432042
                9.85          0.00322006         -0.00429112
                9.86          0.00317511         -0.00426168
                9.87          0.00313047         -0.00423211
                9.88          0.00308615          -0.0042024
                9.89          0.00304214         -0.00417255
                 9.9          0.00299846         -0.00414257
                9.91          0.00295509         -0.00411246
                9.92          0.00291205         -0.00408221
                9.93          0.00286933         -0.00405183
                9.94          0.00282693         -0.00402132
                9.95          0.00278485         -0.00399068
                9.96          0.00274311         -0.00395991
                9.97          0.00270169         -0.00392901
                9.98           0.0026606         -0.00389799
                9.99          0.00261984         -0.00386683
                  10          0.00257941         -0.00383556
               10.01          0.00253932         -0.00380416
               10.02          0.00249956         -0.00377264
               10.03          0.00246014         -0.00374099
               10.04          0.00242105         -0.00370923
               10.05           0.0023823         -0.00367734
               10.06           0.0023439         -0.00364534
               10.07          0.00230583         -0.00361322
               10.08           0.0022681         -0.00358098
               10.09          0.00223072         -0.00354862
                10.1          0.00219368         -0.00351615
               10.11          0.00215699         -0.00348357
               10.12          0.00212065         -0.00345087
               10.13          0.00208465         -0.00341807
               10.14            0.002049         -0.00338515
               10.15          0.00201371         -0.00335212
               10.16          0.00197876         -0.00331899
               10.17          0.00194417         -0.00328574
               10.18          0.00190993         -0.00325239
               10.19          0.00187605         -0.00321894
                10.2          0.00184252         -0.00318538
               10.21          0.00180935         -0.00315172
               10.22          0.00177653         -0.00311795
               10.23          0.00174408         -0.00308409
               10.24          0.00171199         -0.00305013
               10.25          0.00168026         -0.00301606
               10.26          0.00164889          -0.0029819
               10.27          0.00161788         -0.00294764
               10.28          0.00158724         -0.00291329
               10.29          0.00155696         -0.00287885
                10.3          0.00152705         -0.00284431
               10.31           0.0014975         -0.00280967
               10.32          0.00146833         -0.00277495
               10.33          0.00143952         -0.00274014
               10.34          0.00141109         -0.00270524
               10.35          0.00138302         -0.00267025
               10.36          0.00135533         -0.00263517
               10.37          0.00132801         -0.00260001
               10.38          0.00130106         -0.00256477
               10.39          0.00127449         -0.00252944
                10.4          0.00124829         -0.00249403
               10.41          0.00122247         -0.00245854
               10.42          0.00119702         -0.00242297
               10.43          0.00117196         -0.00238732
               10.44          0.00114727          -0.0023516
               10.45          0.00112296         -0.00231579
               10.46          0.00109903         -0.00227992
               10.47          0.00107549         -0.00224397
               10.48          0.00105232         -0.00220794
               10.49          0.00102954         -0.00217185
                10.5          0.00100714         -0.00213568
               10.51         0.000985124         -0.00209945
               10.52         0.000963493         -0.00206314
               10.53         0.000942248         -0.00202677
               10.54         0.000921388         -0.00199034
               10.55         0.000900915         -0.00195384
               10.56         0.000880829         -0.00191727
               10.57         0.000861131         -0.00188065
               10.58         0.000841822         -0.00184396
               10.59         0.000822902         -0.00180722
                10.6         0.000804372         -0.00177041
               10.61         0.000786232         -0.00173355
               10.62         0.000768483         -0.00169663
               10.63         0.000751126         -0.00165966
               10.64         0.000734161         -0.00162263
               10.65         0.000717589         -0.00158555
               10.66          0.00070141         -0.00154842
               10.67         0.000685624         -0.00151124
               10.68         0.000670233         -0.00147401
               10.69         0.000655236         -0.00143673
                10.7         0.000640635          -0.0013994
               10.71         0.000626429         -0.00136203
               10.72         0.000612619         -0.00132461
               10.73         0.000599206         -0.00128716
               10.74          0.00058619         -0.00124966
               10.75         0.000573571         -0.00121211
               10.76          0.00056135         -0.00117453
               10.77         0.000549527         -0.00113691
               10.78         0.000538102         -0.00109926
               10.79         0.000527077         -0.00106157
                10.8          0.00051645         -0.00102384
               10.81         0.000506224        -0.000986082
               10.82         0.000496397         -0.00094829
               10.83          0.00048697        -0.000910467
               10.84         0.000477944        -0.000872615
               10.85         0.000469319        -0.000834734
               10.86         0.000461094        -0.000796826
               10.87         0.000453272        -0.000758891
               10.88          0.00044585        -0.000720932
               10.89         0.000438831        -0.000682949
                10.9         0.000432213        -0.000644944
               10.91         0.000425998        -0.000606918
               10.92         0.000420185        -0.000568872
               10.93         0.000414774        -0.000530806
               10.94         0.000409767        -0.000492724
               10.95         0.000405162        -0.000454625
               10.96         0.000400961        -0.000416511
               10.97         0.000397162        -0.000378383
               10.98         0.000393767        -0.000340243
               10.99         0.000390775        -0.000302092
                  11         0.000388187         -0.00026393
               11.01         0.000386002        -0.000225759
               11.02         0.000384221        -0.000187581
               11.03         0.000382844        -0.000149396
               11.04         0.000381871        -0.000111206
               11.05         0.000381301        -7.30118e-05
               11.06         0.000381135        -3.48151e-05
               11.07         0.000381372         3.38323e-06
