TIMESTEP:    0.01
NPERIODS:    1
ALPHA:       0.01
PHI:         0.8
X0:          0
Z0:          0
               TIME:                   X                   Z
                   0                   0                   0
                0.01         1.16971e-06         7.10471e-05
                0.02         3.11912e-06         0.000142093
                0.03         5.84813e-06         0.000213133
                0.04         9.35658e-06         0.000284165
                0.05         1.36443e-05         0.000355183
                0.06          1.8711e-05         0.000426185
                0.07         2.45564e-05         0.000497167
                0.08         3.11803e-05         0.000568125
                0.09         3.85822e-05         0.000639054
                 0.1         4.67618e-05         0.000709952
                0.11         5.57186e-05         0.000780815
                0.12         6.54521e-05         0.000851639
                0.13         7.59618e-05         0.000922419
                0.14         8.72472e-05         0.000993153
                0.15         9.93076e-05          0.00106384
                0.16         0.000112142          0.00113447
                0.17         0.000125751          0.00120504
                0.18         0.000140132          0.00127555
                0.19         0.000155286          0.00134599
                 0.2         0.000171211          0.00141637
                0.21         0.000187907          0.00148667
                0.22         0.000205372          0.00155689
                0.23         0.000223606          0.00162704
                0.24         0.000242608           0.0016971
                0.25         0.000262376          0.00176707
                0.26          0.00028291          0.00183695
                0.27         0.000304209          0.00190674
                0.28         0.000326271          0.00197643
                0.29         0.000349096          0.00204601
                 0.3         0.000372681          0.00211549
                0.31         0.000397027          0.00218486
                0.32          0.00042213          0.00225411
                0.33         0.000447991          0.00232325
                0.34         0.000474608          0.00239227
                0.35         0.000501979          0.00246116
                0.36         0.000530103          0.00252992
                0.37         0.000558979          0.00259855
                0.38         0.000588604          0.00266705
                0.39         0.000618978           0.0027354
                 0.4         0.000650099          0.00280362
                0.41         0.000681964          0.00287168
                0.42         0.000714573           0.0029396
                0.43         0.000747924          0.00300736
                0.44         0.000782014          0.00307497
                0.45         0.000816843          0.00314241
                0.46         0.000852407          0.00320969
                0.47         0.000888706           0.0032768
                0.48         0.000925738          0.00334374
                0.49           0.0009635           0.0034105
                 0.5          0.00100199          0.00347709
                0.51          0.00104121          0.00354349
                0.52          0.00108115          0.00360971
                0.53          0.00112181          0.00367574
                0.54           0.0011632          0.00374157
                0.55           0.0012053          0.00380721
                0.56          0.00124811          0.00387265
                0.57          0.00129164          0.00393788
                0.58          0.00133589          0.00400291
                0.59          0.00138084          0.00406773
                 0.6          0.00142649          0.00413233
                0.61          0.00147285          0.00419672
                0.62          0.00151991          0.00426088
                0.63          0.00156768          0.00432483
                0.64          0.00161613          0.00438854
                0.65          0.00166529          0.00445203
                0.66          0.00171513          0.00451528
                0.67          0.00176566          0.00457829
                0.68          0.00181688          0.00464106
                0.69          0.00186878          0.00470359
                 0.7          0.00192136          0.00476587
                0.71          0.00197462           0.0048279
                0.72          0.00202855          0.00488967
                0.73          0.00208316          0.00495119
                0.74          0.00213844          0.00501244
                0.75          0.00219438          0.00507344
                0.76          0.00225099          0.00513416
                0.77          0.00230825          0.00519462
                0.78          0.00236618           0.0052548
                0.79          0.00242475          0.00531471
                 0.8          0.00248398          0.00537433
                0.81          0.00254386          0.00543367
                0.82          0.00260438          0.00549273
                0.83          0.00266555          0.00555149
                0.84          0.00272735          0.00560997
                0.85          0.00278979          0.00566815
                0.86          0.00285286          0.00572603
                0.87          0.00291656           0.0057836
                0.88          0.00298089          0.00584088
                0.89          0.00304583          0.00589784
                 0.9           0.0031114          0.00595449
                0.91          0.00317758          0.00601083
                0.92          0.00324437          0.00606686
                0.93          0.00331177          0.00612256
                0.94          0.00337978          0.00617794
                0.95          0.00344838          0.00623299
                0.96          0.00351759          0.00628772
                0.97          0.00358739          0.00634211
                0.98          0.00365777          0.00639617
                0.99          0.00372875          0.00644989
                   1           0.0038003          0.00650328
                1.01          0.00387244          0.00655632
                1.02          0.00394515          0.00660901
                1.03          0.00401843          0.00666135
                1.04          0.00409228          0.00671334
                1.05           0.0041667          0.00676498
                1.06          0.00424167          0.00681626
                1.07           0.0043172          0.00686719
                1.08          0.00439328          0.00691774
                1.09          0.00446991          0.00696794
                 1.1          0.00454708          0.00701776
                1.11          0.00462479          0.00706722
                1.12          0.00470304           0.0071163
                1.13          0.00478182          0.00716501
                1.14          0.00486113          0.00721334
                1.15          0.00494096          0.00726129
                1.16          0.00502131          0.00730885
                1.17          0.00510217          0.00735603
                1.18          0.00518355          0.00740282
                1.19          0.00526543          0.00744922
                 1.2          0.00534781          0.00749523
                1.21          0.00543069          0.00754084
                1.22          0.00551407          0.00758605
                1.23          0.00559793          0.00763086
                1.24          0.00568228          0.00767527
                1.25          0.00576711          0.00771927
                1.26          0.00585241          0.00776287
                1.27          0.00593819          0.00780605
                1.28          0.00602443          0.00784883
                1.29          0.00611113          0.00789119
                 1.3          0.00619829          0.00793313
                1.31          0.00628591          0.00797465
                1.32          0.00637397          0.00801575
                1.33          0.00646248          0.00805643
                1.34          0.00655143          0.00809668
                1.35          0.00664081          0.00813651
                1.36          0.00673063           0.0081759
                1.37          0.00682086          0.00821487
                1.38          0.00691152           0.0082534
                1.39           0.0070026          0.00829149
                 1.4          0.00709408          0.00832914
                1.41          0.00718597          0.00836636
                1.42          0.00727827          0.00840313
                1.43          0.00737096          0.00843946
                1.44          0.00746404          0.00847534
                1.45          0.00755751          0.00851078
                1.46          0.00765136          0.00854576
                1.47          0.00774559           0.0085803
                1.48          0.00784019          0.00861438
                1.49          0.00793516            0.008648
                 1.5          0.00803049          0.00868117
                1.51          0.00812617          0.00871388
                1.52          0.00822221          0.00874613
                1.53           0.0083186          0.00877792
                1.54          0.00841533          0.00880924
                1.55           0.0085124           0.0088401
                1.56          0.00860979          0.00887049
                1.57          0.00870752          0.00890041
                1.58          0.00880557          0.00892986
                1.59          0.00890393          0.00895884
                 1.6          0.00900261          0.00898734
                1.61          0.00910159          0.00901537
                1.62          0.00920088          0.00904293
                1.63          0.00930046             0.00907
                1.64          0.00940033           0.0090966
                1.65          0.00950049          0.00912271
                1.66          0.00960092          0.00914835
                1.67          0.00970164           0.0091735
                1.68          0.00980262          0.00919816
                1.69          0.00990387          0.00922234
                 1.7           0.0100054          0.00924603
                1.71           0.0101071          0.00926923
                1.72           0.0102091          0.00929195
                1.73           0.0103114          0.00931417
                1.74           0.0104139           0.0093359
                1.75           0.0105166          0.00935713
                1.76           0.0106196          0.00937787
                1.77           0.0107227          0.00939812
                1.78           0.0108261          0.00941786
                1.79           0.0109297          0.00943711
                 1.8           0.0110336          0.00945587
                1.81           0.0111376          0.00947412
                1.82           0.0112418          0.00949187
                1.83           0.0113462          0.00950912
                1.84           0.0114507          0.00952586
                1.85           0.0115555           0.0095421
                1.86           0.0116604          0.00955784
                1.87           0.0117655          0.00957307
                1.88           0.0118708           0.0095878
                1.89           0.0119762          0.00960202
                 1.9           0.0120818          0.00961573
                1.91           0.0121875          0.00962893
                1.92           0.0122933          0.00964163
                1.93           0.0123993          0.00965381
                1.94           0.0125054          0.00966548
                1.95           0.0126117          0.00967665
                1.96           0.0127181           0.0096873
                1.97           0.0128245          0.00969744
                1.98           0.0129311          0.00970706
                1.99           0.0130378          0.00971618
                   2           0.0131446          0.00972478
                2.01           0.0132514          0.00973286
                2.02           0.0133584          0.00974043
                2.03           0.0134654          0.00974749
                2.04           0.0135725          0.00975403
                2.05           0.0136797          0.00976005
                2.06           0.0137869          0.00976556
                2.07           0.0138942          0.00977055
                2.08           0.0140016          0.00977503
                2.09            0.014109          0.00977898
                 2.1           0.0142164          0.00978242
                2.11           0.0143239          0.00978535
                2.12           0.0144314          0.00978776
                2.13           0.0145389          0.00978964
                2.14           0.0146464          0.00979102
                2.15            0.014754          0.00979187
                2.16           0.0148615           0.0097922
                2.17           0.0149691          0.00979202
                2.18           0.0150766          0.00979132
                2.19           0.0151841          0.00979011
                 2.2           0.0152917          0.00978837
                2.21           0.0153992          0.00978612
                2.22           0.0155066          0.00978335
                2.23           0.0156141          0.00978006
                2.24           0.0157215          0.00977626
                2.25           0.0158289          0.00977193
                2.26           0.0159362           0.0097671
                2.27           0.0160434          0.00976174
                2.28           0.0161506          0.00975587
                2.29           0.0162577          0.00974948
                 2.3           0.0163648          0.00974258
                2.31           0.0164718          0.00973516
                2.32           0.0165787          0.00972723
                2.33           0.0166855          0.00971879
                2.34           0.0167922          0.00970983
                2.35           0.0168988          0.00970035
                2.36           0.0170053          0.00969037
                2.37           0.0171117          0.00967987
                2.38            0.017218          0.00966886
                2.39           0.0173241          0.00965733
                 2.4           0.0174302           0.0096453
                2.41            0.017536          0.00963276
                2.42           0.0176418          0.00961971
                2.43           0.0177474          0.00960615
                2.44           0.0178529          0.00959208
                2.45           0.0179582           0.0095775
                2.46           0.0180633          0.00956242
                2.47           0.0181683          0.00954683
                2.48           0.0182731          0.00953074
                2.49           0.0183778          0.00951415
                 2.5           0.0184822          0.00949705
                2.51           0.0185865          0.00947945
                2.52           0.0186905          0.00946134
                2.53           0.0187944          0.00944274
                2.54           0.0188981          0.00942364
                2.55           0.0190015          0.00940404
                2.56           0.0191048          0.00938394
                2.57           0.0192078          0.00936335
                2.58           0.0193106          0.00934226
                2.59           0.0194131          0.00932068
                 2.6           0.0195155           0.0092986
                2.61           0.0196175          0.00927604
                2.62           0.0197194          0.00925298
                2.63            0.019821          0.00922943
                2.64           0.0199223           0.0092054
                2.65           0.0200234          0.00918088
                2.66           0.0201242          0.00915587
                2.67           0.0202247          0.00913038
                2.68           0.0203249          0.00910441
                2.69           0.0204249          0.00907796
                 2.7           0.0205245          0.00905102
                2.71           0.0206239          0.00902361
                2.72            0.020723          0.00899572
                2.73           0.0208218          0.00896736
                2.74           0.0209202          0.00893852
                2.75           0.0210184          0.00890921
                2.76           0.0211162          0.00887943
                2.77           0.0212137          0.00884918
                2.78           0.0213108          0.00881846
                2.79           0.0214077          0.00878728
                 2.8           0.0215042          0.00875563
                2.81           0.0216003          0.00872351
                2.82           0.0216961          0.00869094
                2.83           0.0217915          0.00865791
                2.84           0.0218866          0.00862442
                2.85           0.0219813          0.00859048
                2.86           0.0220757          0.00855608
                2.87           0.0221696          0.00852122
                2.88           0.0222632          0.00848592
                2.89           0.0223564          0.00845017
                 2.9           0.0224492          0.00841398
                2.91           0.0225416          0.00837734
                2.92           0.0226336          0.00834025
                2.93           0.0227252          0.00830273
                2.94           0.0228164          0.00826476
                2.95           0.0229072          0.00822636
                2.96           0.0229976          0.00818753
                2.97           0.0230875          0.00814826
                2.98            0.023177          0.00810857
                2.99           0.0232661          0.00806844
                   3           0.0233547          0.00802789
                3.01           0.0234429          0.00798691
                3.02           0.0235307          0.00794551
                3.03            0.023618           0.0079037
                3.04           0.0237048          0.00786146
                3.05           0.0237912          0.00781881
                3.06           0.0238771          0.00777575
                3.07           0.0239626          0.00773227
                3.08           0.0240475          0.00768839
                3.09            0.024132           0.0076441
                 3.1            0.024216          0.00759941
                3.11           0.0242996          0.00755432
                3.12           0.0243826          0.00750883
                3.13           0.0244651          0.00746294
                3.14           0.0245472          0.00741665
                3.15           0.0246287          0.00736998
                3.16           0.0247097          0.00732292
                3.17           0.0247902          0.00727547
                3.18           0.0248702          0.00722763
                3.19           0.0249496          0.00717942
                 3.2           0.0250286          0.00713082
                3.21            0.025107          0.00708185
                3.22           0.0251849           0.0070325
                3.23           0.0252622          0.00698279
                3.24            0.025339           0.0069327
                3.25           0.0254152          0.00688225
                3.26           0.0254909          0.00683144
                3.27           0.0255661          0.00678026
                3.28           0.0256406          0.00672873
                3.29           0.0257147          0.00667684
                 3.3           0.0257881           0.0066246
                3.31            0.025861          0.00657201
                3.32           0.0259333          0.00651908
                3.33            0.026005           0.0064658
                3.34           0.0260762          0.00641218
                3.35           0.0261467          0.00635822
                3.36           0.0262167          0.00630392
                3.37           0.0262861           0.0062493
                3.38           0.0263549          0.00619434
                3.39           0.0264231          0.00613906
                 3.4           0.0264906          0.00608345
                3.41           0.0265576          0.00602752
                3.42            0.026624          0.00597127
                3.43           0.0266897          0.00591471
                3.44           0.0267549          0.00585784
                3.45           0.0268194          0.00580066
                3.46           0.0268833          0.00574317
                3.47           0.0269465          0.00568538
                3.48           0.0270091          0.00562729
                3.49           0.0270711          0.00556891
                 3.5           0.0271325          0.00551023
                3.51           0.0271932          0.00545126
                3.52           0.0272533            0.005392
                3.53           0.0273127          0.00533246
                3.54           0.0273715          0.00527264
                3.55           0.0274296          0.00521254
                3.56            0.027487          0.00515216
                3.57           0.0275438          0.00509152
                3.58              0.0276           0.0050306
                3.59           0.0276555          0.00496942
                 3.6           0.0277103          0.00490798
                3.61           0.0277644          0.00484628
                3.62           0.0278179          0.00478433
                3.63           0.0278706          0.00472213
                3.64           0.0279228          0.00465967
                3.65           0.0279742          0.00459697
                3.66           0.0280249          0.00453403
                3.67            0.028075          0.00447085
                3.68           0.0281243          0.00440744
                3.69            0.028173          0.00434379
                 3.7           0.0282209          0.00427991
                3.71           0.0282682          0.00421581
                3.72           0.0283148          0.00415149
                3.73           0.0283607          0.00408695
                3.74           0.0284058           0.0040222
                3.75           0.0284503          0.00395723
                3.76            0.028494          0.00389206
                3.77            0.028537          0.00382668
                3.78           0.0285793           0.0037611
                3.79           0.0286209          0.00369533
                 3.8           0.0286618          0.00362935
                3.81            0.028702          0.00356319
                3.82           0.0287414          0.00349685
                3.83           0.0287801          0.00343031
                3.84           0.0288181           0.0033636
                3.85           0.0288553          0.00329672
                3.86           0.0288919          0.00322966
                3.87           0.0289276          0.00316243
                3.88           0.0289627          0.00309503
                3.89            0.028997          0.00302747
                 3.9           0.0290306          0.00295976
                3.91           0.0290634          0.00289189
                3.92           0.0290955          0.00282387
                3.93           0.0291268           0.0027557
                3.94           0.0291574          0.00268738
                3.95           0.0291873          0.00261893
                3.96           0.0292164          0.00255034
                3.97           0.0292447          0.00248161
                3.98           0.0292723          0.00241276
                3.99           0.0292992          0.00234378
                   4           0.0293252          0.00227468
                4.01           0.0293506          0.00220546
                4.02           0.0293751          0.00213612
                4.03            0.029399          0.00206668
                4.04            0.029422          0.00199712
                4.05           0.0294443          0.00192747
                4.06           0.0294658          0.00185771
                4.07           0.0294866          0.00178786
                4.08           0.0295066          0.00171791
                4.09           0.0295258          0.00164787
                 4.1           0.0295443          0.00157775
                4.11            0.029562          0.00150755
                4.12           0.0295789          0.00143727
                4.13            0.029595          0.00136692
                4.14           0.0296104          0.00129649
                4.15            0.029625            0.001226
                4.16           0.0296389          0.00115545
                4.17           0.0296519          0.00108484
                4.18           0.0296642          0.00101417
                4.19           0.0296757          0.00094345
                 4.2           0.0296865         0.000872683
                4.21           0.0296965         0.000801872
                4.22           0.0297056          0.00073102
                4.23           0.0297141         0.000660132
                4.24           0.0297217         0.000589212
                4.25           0.0297285         0.000518262
                4.26           0.0297346         0.000447287
                4.27           0.0297399          0.00037629
                4.28           0.0297444         0.000305276
                4.29           0.0297482         0.000234248
                 4.3           0.0297511          0.00016321
                4.31           0.0297533         9.21658e-05
                4.32           0.0297547         2.11187e-05
                4.33           0.0297553        -4.99272e-05
                4.34           0.0297552        -0.000120968
                4.35           0.0297542           -0.000192
                4.36           0.0297525         -0.00026302
                4.37             0.02975        -0.000334023
                4.38           0.0297468        -0.000405007
                4.39           0.0297427        -0.000475966
                 4.4           0.0297379        -0.000546898
                4.41           0.0297322        -0.000617799
                4.42           0.0297259        -0.000688664
                4.43           0.0297187        -0.000759491
                4.44           0.0297107        -0.000830275
                4.45            0.029702        -0.000901013
                4.46           0.0296925          -0.0009717
                4.47           0.0296822         -0.00104233
                4.48           0.0296712         -0.00111291
                4.49           0.0296593         -0.00118342
                 4.5           0.0296467         -0.00125387
                4.51           0.0296333         -0.00132425
                4.52           0.0296192         -0.00139456
                4.53           0.0296043         -0.00146479
                4.54           0.0295886         -0.00153494
                4.55           0.0295721         -0.00160501
                4.56           0.0295549         -0.00167499
                4.57           0.0295368         -0.00174488
                4.58           0.0295181         -0.00181467
                4.59           0.0294985         -0.00188437
                 4.6           0.0294782         -0.00195396
                4.61           0.0294571         -0.00202345
                4.62           0.0294353         -0.00209282
                4.63           0.0294127         -0.00216209
                4.64           0.0293893         -0.00223123
                4.65           0.0293652         -0.00230026
                4.66           0.0293403         -0.00236916
                4.67           0.0293147         -0.00243793
                4.68           0.0292883         -0.00250657
                4.69           0.0292611         -0.00257508
                 4.7           0.0292332         -0.00264344
                4.71           0.0292045         -0.00271167
                4.72           0.0291751         -0.00277974
                4.73            0.029145         -0.00284767
                4.74           0.0291141         -0.00291545
                4.75           0.0290824         -0.00298306
                4.76             0.02905         -0.00305052
                4.77           0.0290169         -0.00311781
                4.78            0.028983         -0.00318493
                4.79           0.0289484         -0.00325189
                 4.8            0.028913         -0.00331866
                4.81           0.0288769         -0.00338526
                4.82           0.0288401         -0.00345168
                4.83           0.0288025         -0.00351791
                4.84           0.0287642         -0.00358395
                4.85           0.0287252          -0.0036498
                4.86           0.0286855         -0.00371545
                4.87            0.028645         -0.00378091
                4.88           0.0286038         -0.00384616
                4.89           0.0285619          -0.0039112
                 4.9           0.0285193         -0.00397603
                4.91            0.028476         -0.00404065
                4.92           0.0284319         -0.00410506
                4.93           0.0283872         -0.00416924
                4.94           0.0283417          -0.0042332
                4.95           0.0282956         -0.00429693
                4.96           0.0282487         -0.00436043
                4.97           0.0282011          -0.0044237
                4.98           0.0281528         -0.00448673
                4.99           0.0281039         -0.00454952
                   5           0.0280542         -0.00461206
                5.01           0.0280039         -0.00467436
                5.02           0.0279529         -0.00473641
                5.03           0.0279011          -0.0047982
                5.04           0.0278488         -0.00485974
                5.05           0.0277957         -0.00492102
                5.06           0.0277419         -0.00498203
                5.07           0.0276875         -0.00504277
                5.08           0.0276324         -0.00510325
                5.09           0.0275767         -0.00516345
                 5.1           0.0275202         -0.00522338
                5.11           0.0274632         -0.00528302
                5.12           0.0274054         -0.00534239
                5.13            0.027347         -0.00540146
                5.14            0.027288         -0.00546025
                5.15           0.0272283         -0.00551875
                5.16           0.0271679         -0.00557695
                5.17            0.027107         -0.00563485
                5.18           0.0270453         -0.00569245
                5.19           0.0269831         -0.00574975
                 5.2           0.0269202         -0.00580673
                5.21           0.0268567         -0.00586341
                5.22           0.0267925         -0.00591977
                5.23           0.0267278         -0.00597582
                5.24           0.0266624         -0.00603155
                5.25           0.0265964         -0.00608695
                5.26           0.0265298         -0.00614203
                5.27           0.0264626         -0.00619678
                5.28           0.0263947          -0.0062512
                5.29           0.0263263         -0.00630528
                 5.3           0.0262573         -0.00635903
                5.31           0.0261877         -0.00641244
                5.32           0.0261175          -0.0064655
                5.33           0.0260467         -0.00651822
                5.34           0.0259753         -0.00657059
                5.35           0.0259034         -0.00662261
                5.36           0.0258309         -0.00667427
                5.37           0.0257578         -0.00672558
                5.38           0.0256841         -0.00677653
                5.39           0.0256099         -0.00682711
                 5.4           0.0255351         -0.00687734
                5.41           0.0254598         -0.00692719
                5.42           0.0253839         -0.00697667
                5.43           0.0253075         -0.00702578
                5.44           0.0252305         -0.00707452
                5.45            0.025153         -0.00712288
                5.46            0.025075         -0.00717085
                5.47           0.0249964         -0.00721845
                5.48           0.0249173         -0.00726565
                5.49           0.0248377         -0.00731247
                 5.5           0.0247575          -0.0073589
                5.51           0.0246769         -0.00740494
                5.52           0.0245957         -0.00745058
                5.53           0.0245141         -0.00749582
                5.54           0.0244319         -0.00754066
                5.55           0.0243493          -0.0075851
                5.56           0.0242661         -0.00762913
                5.57           0.0241825         -0.00767276
                5.58           0.0240984         -0.00771597
                5.59           0.0240138         -0.00775878
                 5.6           0.0239287         -0.00780117
                5.61           0.0238432         -0.00784314
                5.62           0.0237572         -0.00788469
                5.63           0.0236707         -0.00792583
                5.64           0.0235838         -0.00796654
                5.65           0.0234965         -0.00800682
                5.66           0.0234087         -0.00804668
                5.67           0.0233204         -0.00808611
                5.68           0.0232318          -0.0081251
                5.69           0.0231427         -0.00816366
                 5.7           0.0230531         -0.00820179
                5.71           0.0229632         -0.00823948
                5.72           0.0228728         -0.00827672
                5.73            0.022782         -0.00831353
                5.74           0.0226908         -0.00834989
                5.75           0.0225993         -0.00838581
                5.76           0.0225073         -0.00842128
                5.77           0.0224149         -0.00845629
                5.78           0.0223221         -0.00849086
                5.79            0.022229         -0.00852498
                 5.8           0.0221355         -0.00855863
                5.81           0.0220416         -0.00859184
                5.82           0.0219473         -0.00862458
                5.83           0.0218527         -0.00865686
                5.84           0.0217578         -0.00868868
                5.85           0.0216624         -0.00872004
                5.86           0.0215668         -0.00875093
                5.87           0.0214708         -0.00878136
                5.88           0.0213744         -0.00881131
                5.89           0.0212777          -0.0088408
                 5.9           0.0211807         -0.00886981
                5.91           0.0210834         -0.00889836
                5.92           0.0209858         -0.00892642
                5.93           0.0208878         -0.00895401
                5.94           0.0207896         -0.00898112
                5.95           0.0206911         -0.00900775
                5.96           0.0205922          -0.0090339
                5.97           0.0204931         -0.00905957
                5.98           0.0203937         -0.00908476
                5.99            0.020294         -0.00910946
                   6            0.020194         -0.00913367
                6.01           0.0200938          -0.0091574
                6.02           0.0199933         -0.00918064
                6.03           0.0198926         -0.00920339
                6.04           0.0197916         -0.00922565
                6.05           0.0196904         -0.00924741
                6.06           0.0195889         -0.00926868
                6.07           0.0194872         -0.00928946
                6.08           0.0193853         -0.00930974
                6.09           0.0192831         -0.00932953
                 6.1           0.0191807         -0.00934881
                6.11           0.0190781          -0.0093676
                6.12           0.0189753         -0.00938589
                6.13           0.0188723         -0.00940368
                6.14           0.0187692         -0.00942096
                6.15           0.0186658         -0.00943775
                6.16           0.0185622         -0.00945403
                6.17           0.0184585          -0.0094698
                6.18           0.0183546         -0.00948507
                6.19           0.0182505         -0.00949984
                 6.2           0.0181462         -0.00951409
                6.21           0.0180418         -0.00952784
                6.22           0.0179373         -0.00954108
                6.23           0.0178326         -0.00955381
                6.24           0.0177278         -0.00956604
                6.25           0.0176228         -0.00957775
                6.26           0.0175177         -0.00958895
                6.27           0.0174125         -0.00959964
                6.28           0.0173072         -0.00960981
                6.29           0.0172017         -0.00961948
                 6.3           0.0170962         -0.00962863
                6.31           0.0169906         -0.00963727
                6.32           0.0168848         -0.00964539
                6.33            0.016779           -0.009653
                6.34           0.0166731         -0.00966009
                6.35           0.0165671         -0.00966667
                6.36           0.0164611         -0.00967273
                6.37            0.016355         -0.00967828
                6.38           0.0162488         -0.00968331
                6.39           0.0161426         -0.00968782
                 6.4           0.0160363         -0.00969182
                6.41             0.01593          -0.0096953
                6.42           0.0158236         -0.00969826
                6.43           0.0157172         -0.00970071
                6.44           0.0156108         -0.00970263
                6.45           0.0155044         -0.00970404
                6.46            0.015398         -0.00970494
                6.47           0.0152915         -0.00970531
                6.48           0.0151851         -0.00970517
                6.49           0.0150786          -0.0097045
                 6.5           0.0149722         -0.00970333
                6.51           0.0148658         -0.00970163
                6.52           0.0147594         -0.00969941
                6.53            0.014653         -0.00969668
                6.54           0.0145467         -0.00969343
                6.55           0.0144404         -0.00968967
                6.56           0.0143341         -0.00968538
                6.57           0.0142279         -0.00968058
                6.58           0.0141218         -0.00967527
                6.59           0.0140157         -0.00966944
                 6.6           0.0139097         -0.00966309
                6.61           0.0138038         -0.00965622
                6.62           0.0136979         -0.00964884
                6.63           0.0135921         -0.00964095
                6.64           0.0134865         -0.00963254
                6.65           0.0133809         -0.00962362
                6.66           0.0132754         -0.00961418
                6.67             0.01317         -0.00960424
                6.68           0.0130647         -0.00959377
                6.69           0.0129596          -0.0095828
                 6.7           0.0128546         -0.00957132
                6.71           0.0127497         -0.00955932
                6.72           0.0126449         -0.00954682
                6.73           0.0125403          -0.0095338
                6.74           0.0124359         -0.00952028
                6.75           0.0123315         -0.00950625
                6.76           0.0122274         -0.00949171
                6.77           0.0121234         -0.00947667
                6.78           0.0120196         -0.00946112
                6.79           0.0119159         -0.00944506
                 6.8           0.0118125          -0.0094285
                6.81           0.0117092         -0.00941144
                6.82           0.0116061         -0.00939388
                6.83           0.0115032         -0.00937581
                6.84           0.0114006         -0.00935725
                6.85           0.0112981         -0.00933818
                6.86           0.0111958         -0.00931862
                6.87           0.0110938         -0.00929856
                6.88            0.010992           -0.009278
                6.89           0.0108904         -0.00925695
                 6.9           0.0107891         -0.00923541
                6.91            0.010688         -0.00921337
                6.92           0.0105871         -0.00919084
                6.93           0.0104865         -0.00916782
                6.94           0.0103862         -0.00914431
                6.95           0.0102861         -0.00912031
                6.96           0.0101863         -0.00909582
                6.97           0.0100868         -0.00907085
                6.98          0.00998751          -0.0090454
                6.99          0.00988854         -0.00901946
                   7          0.00978987         -0.00899305
                7.01          0.00969149         -0.00896615
                7.02          0.00959341         -0.00893877
                7.03          0.00949564         -0.00891092
                7.04          0.00939818         -0.00888259
                7.05          0.00930104         -0.00885379
                7.06          0.00920422         -0.00882451
                7.07          0.00910772         -0.00879476
                7.08          0.00901157         -0.00876455
                7.09          0.00891575         -0.00873386
                 7.1          0.00882027         -0.00870271
                7.11          0.00872514          -0.0086711
                7.12          0.00863037         -0.00863902
                7.13          0.00853595         -0.00860648
                7.14           0.0084419         -0.00857348
                7.15          0.00834822         -0.00854003
                7.16          0.00825491         -0.00850612
                7.17          0.00816198         -0.00847175
                7.18          0.00806943         -0.00843693
                7.19          0.00797727         -0.00840166
                 7.2          0.00788551         -0.00836595
                7.21          0.00779415         -0.00832978
                7.22          0.00770319         -0.00829318
                7.23          0.00761264         -0.00825613
                7.24           0.0075225         -0.00821863
                7.25          0.00743278          -0.0081807
                7.26          0.00734349         -0.00814233
                7.27          0.00725462         -0.00810353
                7.28          0.00716618          -0.0080643
                7.29          0.00707819         -0.00802463
                 7.3          0.00699063         -0.00798454
                7.31          0.00690353         -0.00794402
                7.32          0.00681687         -0.00790307
                7.33          0.00673067         -0.00786171
                7.34          0.00664494         -0.00781992
                7.35          0.00655967         -0.00777772
                7.36          0.00647487          -0.0077351
                7.37          0.00639054         -0.00769206
                7.38          0.00630669         -0.00764862
                7.39          0.00622333         -0.00760477
                 7.4          0.00614046         -0.00756051
                7.41          0.00605808         -0.00751585
                7.42          0.00597619         -0.00747078
                7.43          0.00589481         -0.00742532
                7.44          0.00581394         -0.00737946
                7.45          0.00573357         -0.00733321
                7.46          0.00565373         -0.00728656
                7.47          0.00557439         -0.00723953
                7.48          0.00549559          -0.0071921
                7.49          0.00541731          -0.0071443
                 7.5          0.00533956         -0.00709611
                7.51          0.00526235         -0.00704754
                7.52          0.00518568          -0.0069986
                7.53          0.00510955         -0.00694928
                7.54          0.00503398         -0.00689959
                7.55          0.00495895         -0.00684954
                7.56          0.00488448         -0.00679911
                7.57          0.00481057         -0.00674832
                7.58          0.00473723         -0.00669718
                7.59          0.00466446         -0.00664567
                 7.6          0.00459225         -0.00659381
                7.61          0.00452063          -0.0065416
                7.62          0.00444958         -0.00648903
                7.63          0.00437912         -0.00643612
                7.64          0.00430924         -0.00638287
                7.65          0.00423996         -0.00632927
                7.66          0.00417127         -0.00627534
                7.67          0.00410318         -0.00622107
                7.68           0.0040357         -0.00616646
                7.69          0.00396882         -0.00611153
                 7.7          0.00390255         -0.00605627
                7.71          0.00383689         -0.00600069
                7.72          0.00377185         -0.00594478
                7.73          0.00370743         -0.00588856
                7.74          0.00364363         -0.00583202
                7.75          0.00358046         -0.00577517
                7.76          0.00351793         -0.00571802
                7.77          0.00345602         -0.00566055
                7.78          0.00339475         -0.00560278
                7.79          0.00333413         -0.00554472
                 7.8          0.00327414         -0.00548635
                7.81          0.00321481         -0.00542769
                7.82          0.00315612         -0.00536874
                7.83          0.00309809         -0.00530951
                7.84          0.00304071         -0.00524999
                7.85            0.002984         -0.00519019
                7.86          0.00292794         -0.00513011
                7.87          0.00287255         -0.00506975
                7.88          0.00281783         -0.00500913
                7.89          0.00276378         -0.00494823
                 7.9          0.00271041         -0.00488707
                7.91          0.00265771         -0.00482565
                7.92           0.0026057         -0.00476397
                7.93          0.00255436         -0.00470204
                7.94          0.00250371         -0.00463985
                7.95          0.00245375         -0.00457741
                7.96          0.00240448         -0.00451473
                7.97           0.0023559         -0.00445181
                7.98          0.00230802         -0.00438865
                7.99          0.00226084         -0.00432525
                   8          0.00221436         -0.00426162
                8.01          0.00216859         -0.00419776
                8.02          0.00212352         -0.00413368
                8.03          0.00207915         -0.00406937
                8.04           0.0020355         -0.00400485
                8.05          0.00199256         -0.00394011
                8.06          0.00195034         -0.00387516
                8.07          0.00190884            -0.00381
                8.08          0.00186805         -0.00374464
                8.09          0.00182799         -0.00367907
                 8.1          0.00178865         -0.00361331
                8.11          0.00175004         -0.00354736
                8.12          0.00171216         -0.00348121
                8.13            0.001675         -0.00341488
                8.14          0.00163858         -0.00334836
                8.15           0.0016029         -0.00328166
                8.16          0.00156795         -0.00321478
                8.17          0.00153374         -0.00314774
                8.18          0.00150026         -0.00308052
                8.19          0.00146753         -0.00301314
                 8.2          0.00143555         -0.00294559
                8.21          0.00140431         -0.00287789
                8.22          0.00137381         -0.00281003
                8.23          0.00134407         -0.00274202
                8.24          0.00131507         -0.00267386
                8.25          0.00128683         -0.00260555
                8.26          0.00125933         -0.00253711
                8.27           0.0012326         -0.00246853
                8.28          0.00120662         -0.00239982
                8.29          0.00118139         -0.00233097
                 8.3          0.00115693           -0.002262
                8.31          0.00113322         -0.00219291
                8.32          0.00111028          -0.0021237
                8.33           0.0010881         -0.00205437
                8.34          0.00106668         -0.00198493
                8.35          0.00104603         -0.00191539
                8.36          0.00102614         -0.00184574
                8.37          0.00100702         -0.00177599
                8.38         0.000988671         -0.00170614
                8.39         0.000971088          -0.0016362
                 8.4         0.000954275         -0.00156617
                8.41         0.000938232         -0.00149606
                8.42         0.000922961         -0.00142586
                8.43         0.000908463         -0.00135559
                8.44         0.000894737         -0.00128524
                8.45         0.000881786         -0.00121482
                8.46         0.000869608         -0.00114433
                8.47         0.000858207         -0.00107379
                8.48          0.00084758         -0.00100318
                8.49         0.000837731        -0.000932513
                 8.5         0.000828658        -0.000861798
                8.51         0.000820362        -0.000791034
                8.52         0.000812844        -0.000720226
                8.53         0.000806104        -0.000649377
                8.54         0.000800143        -0.000578492
                8.55          0.00079496        -0.000507573
                8.56         0.000790557        -0.000436626
                8.57         0.000786933        -0.000365652
                8.58         0.000784088        -0.000294657
                8.59         0.000782023        -0.000223645
                 8.6         0.000780738        -0.000152617
                8.61         0.000780232        -8.15799e-05
                8.62         0.000780507        -1.05358e-05
