TIMESTEP:    0.01
NPERIODS:    1
ALPHA:       0.01
PHI:         2
X0:          0
Z0:          0
               TIME:                   X                   Z
                   0                   0                   0
                0.01         1.56724e-05         0.000725755
                0.02         4.18009e-05          0.00145233
                0.03         7.83942e-05          0.00217957
                0.04         0.000125459          0.00290736
                0.05         0.000182999          0.00363556
                0.06         0.000251018          0.00436402
                0.07         0.000329516          0.00509261
                0.08         0.000418492          0.00582119
                0.09         0.000517943          0.00654963
                 0.1         0.000627863          0.00727778
                0.11         0.000748245          0.00800552
                0.12         0.000879081           0.0087327
                0.13          0.00102036          0.00945918
                0.14          0.00117206           0.0101848
                0.15          0.00133418           0.0109095
                0.16           0.0015067           0.0116331
                0.17           0.0016896           0.0123555
                0.18          0.00188285           0.0130764
                0.19          0.00208644           0.0137959
                 0.2          0.00230034           0.0145137
                0.21          0.00252452           0.0152298
                0.22          0.00275895           0.0159439
                0.23          0.00300361           0.0166559
                0.24          0.00325847           0.0173658
                0.25          0.00352348           0.0180734
                0.26          0.00379861           0.0187785
                0.27          0.00408383            0.019481
                0.28          0.00437909           0.0201809
                0.29          0.00468435           0.0208778
                 0.3          0.00499957           0.0215718
                0.31          0.00532471           0.0222627
                0.32          0.00565971           0.0229503
                0.33          0.00600453           0.0236346
                0.34          0.00635912           0.0243154
                0.35          0.00672342           0.0249925
                0.36          0.00709738           0.0256659
                0.37          0.00748095           0.0263355
                0.38          0.00787406            0.027001
                0.39          0.00827665           0.0276624
                 0.4          0.00868867           0.0283195
                0.41          0.00911005           0.0289723
                0.42          0.00954073           0.0296205
                0.43          0.00998064           0.0302641
                0.44           0.0104297            0.030903
                0.45           0.0108879           0.0315371
                0.46            0.011355           0.0321661
                0.47           0.0118312           0.0327901
                0.48           0.0123162           0.0334088
                0.49             0.01281           0.0340222
                 0.5           0.0133125           0.0346301
                0.51           0.0138236           0.0352325
                0.52           0.0143433           0.0358292
                0.53           0.0148715           0.0364202
                0.54            0.015408           0.0370052
                0.55           0.0159529           0.0375842
                0.56            0.016506           0.0381571
                0.57           0.0170671           0.0387238
                0.58           0.0176364           0.0392841
                0.59           0.0182136            0.039838
                 0.6           0.0187986           0.0403854
                0.61           0.0193913           0.0409261
                0.62           0.0199918           0.0414601
                0.63           0.0205998           0.0419872
                0.64           0.0212152           0.0425074
                0.65            0.021838           0.0430205
                0.66           0.0224681           0.0435265
                0.67           0.0231053           0.0440253
                0.68           0.0237496           0.0445168
                0.69           0.0244008           0.0450008
                 0.7           0.0250589           0.0454773
                0.71           0.0257237           0.0459462
                0.72           0.0263951           0.0464075
                0.73            0.027073            0.046861
                0.74           0.0277573           0.0473066
                0.75           0.0284479           0.0477442
                0.76           0.0291447           0.0481739
                0.77           0.0298475           0.0485954
                0.78           0.0305563           0.0490088
                0.79           0.0312708           0.0494138
                 0.8           0.0319911           0.0498106
                0.81            0.032717           0.0501989
                0.82           0.0334483           0.0505788
                0.83            0.034185           0.0509501
                0.84           0.0349269           0.0513128
                0.85           0.0356739           0.0516668
                0.86           0.0364258            0.052012
                0.87           0.0371826           0.0523484
                0.88           0.0379441           0.0526759
                0.89           0.0387102           0.0529945
                 0.9           0.0394808           0.0533041
                0.91           0.0402557           0.0536046
                0.92           0.0410348            0.053896
                0.93            0.041818           0.0541781
                0.94           0.0426051           0.0544511
                0.95           0.0433961           0.0547148
                0.96           0.0441907           0.0549692
                0.97           0.0449889           0.0552141
                0.98           0.0457905           0.0554497
                0.99           0.0465953           0.0556758
                   1           0.0474033           0.0558924
                1.01           0.0482143           0.0560994
                1.02           0.0490282           0.0562968
                1.03           0.0498449           0.0564846
                1.04           0.0506641           0.0566628
                1.05           0.0514858           0.0568312
                1.06           0.0523098             0.05699
                1.07            0.053136           0.0571389
                1.08           0.0539642           0.0572781
                1.09           0.0547943           0.0574075
                 1.1           0.0556262           0.0575271
                1.11           0.0564598           0.0576367
                1.12           0.0572948           0.0577365
                1.13           0.0581312           0.0578265
                1.14           0.0589688           0.0579065
                1.15           0.0598074           0.0579765
                1.16            0.060647           0.0580367
                1.17           0.0614873           0.0580868
                1.18           0.0623283            0.058127
                1.19           0.0631698           0.0581573
                 1.2           0.0640117           0.0581776
                1.21           0.0648537           0.0581879
                1.22           0.0656959           0.0581882
                1.23           0.0665379           0.0581785
                1.24           0.0673798           0.0581588
                1.25           0.0682213           0.0581292
                1.26           0.0690624           0.0580896
                1.27           0.0699027           0.0580401
                1.28           0.0707424           0.0579806
                1.29           0.0715811           0.0579111
                 1.3           0.0724187           0.0578317
                1.31           0.0732552           0.0577424
                1.32           0.0740903           0.0576432
                1.33           0.0749239           0.0575342
                1.34           0.0757559           0.0574152
                1.35           0.0765862           0.0572865
                1.36           0.0774145           0.0571479
                1.37           0.0782409           0.0569995
                1.38            0.079065           0.0568414
                1.39           0.0798868           0.0566735
                 1.4           0.0807062            0.056496
                1.41            0.081523           0.0563088
                1.42           0.0823371           0.0561119
                1.43           0.0831483           0.0559055
                1.44           0.0839565           0.0556895
                1.45           0.0847615            0.055464
                1.46           0.0855633           0.0552291
                1.47           0.0863617           0.0549847
                1.48           0.0871566           0.0547309
                1.49           0.0879477           0.0544678
                 1.5           0.0887351           0.0541954
                1.51           0.0895185           0.0539138
                1.52           0.0902979            0.053623
                1.53           0.0910731            0.053323
                1.54           0.0918439            0.053014
                1.55           0.0926103            0.052696
                1.56           0.0933721            0.052369
                1.57           0.0941292           0.0520332
                1.58           0.0948815           0.0516885
                1.59           0.0956288           0.0513351
                 1.6            0.096371           0.0509729
                1.61            0.097108           0.0506021
                1.62           0.0978396           0.0502228
                1.63           0.0985658            0.049835
                1.64           0.0992865           0.0494388
                1.65            0.100001           0.0490342
                1.66            0.100711           0.0486213
                1.67            0.101414           0.0482003
                1.68            0.102111           0.0477712
                1.69            0.102802            0.047334
                 1.7            0.103487           0.0468889
                1.71            0.104165           0.0464359
                1.72            0.104837           0.0459751
                1.73            0.105502           0.0455067
                1.74             0.10616           0.0450306
                1.75            0.106812           0.0445471
                1.76            0.107457           0.0440561
                1.77            0.108094           0.0435578
                1.78            0.108725           0.0430522
                1.79            0.109348           0.0425395
                 1.8            0.109964           0.0420197
                1.81            0.110573            0.041493
                1.82            0.111173           0.0409595
                1.83            0.111767           0.0404192
                1.84            0.112352           0.0398722
                1.85             0.11293           0.0393187
                1.86              0.1135           0.0387588
                1.87            0.114061           0.0381925
                1.88            0.114615             0.03762
                1.89             0.11516           0.0370413
                 1.9            0.115697           0.0364567
                1.91            0.116226           0.0358661
                1.92            0.116746           0.0352698
                1.93            0.117258           0.0346677
                1.94            0.117761           0.0340601
                1.95            0.118255           0.0334471
                1.96            0.118741           0.0328287
                1.97            0.119218           0.0322051
                1.98            0.119685           0.0315763
                1.99            0.120144           0.0309426
                   2            0.120594            0.030304
                2.01            0.121034           0.0296607
                2.02            0.121465           0.0290127
                2.03            0.121887           0.0283602
                2.04              0.1223           0.0277033
                2.05            0.122703           0.0270422
                2.06            0.123097           0.0263769
                2.07            0.123481           0.0257077
                2.08            0.123856           0.0250345
                2.09             0.12422           0.0243576
                 2.1            0.124576            0.023677
                2.11            0.124921            0.022993
                2.12            0.125257           0.0223055
                2.13            0.125582           0.0216148
                2.14            0.125898            0.020921
                2.15            0.126204           0.0202243
                2.16              0.1265           0.0195246
                2.17            0.126786           0.0188222
                2.18            0.127062           0.0181173
                2.19            0.127327           0.0174099
                 2.2            0.127583           0.0167001
                2.21            0.127828           0.0159882
                2.22            0.128063           0.0152742
                2.23            0.128288           0.0145583
                2.24            0.128502           0.0138406
                2.25            0.128707           0.0131212
                2.26            0.128901           0.0124003
                2.27            0.129084           0.0116781
                2.28            0.129257           0.0109545
                2.29             0.12942           0.0102299
                 2.3            0.129572          0.00950431
                2.31            0.129714          0.00877787
                2.32            0.129846          0.00805073
                2.33            0.129967          0.00732303
                2.34            0.130077          0.00659489
                2.35            0.130178          0.00586647
                2.36            0.130267          0.00513789
                2.37            0.130346           0.0044093
                2.38            0.130415          0.00368083
                2.39            0.130473          0.00295261
                 2.4            0.130521           0.0022248
                2.41            0.130558          0.00149751
                2.42            0.130585         0.000770894
                2.43            0.130601         4.50838e-05
                2.44            0.130607        -0.000679783
                2.45            0.130603         -0.00140357
                2.46            0.130588         -0.00212614
                2.47            0.130562         -0.00284736
                2.48            0.130526         -0.00356709
                2.49             0.13048         -0.00428519
                 2.5            0.130424         -0.00500154
                2.51            0.130357         -0.00571599
                2.52             0.13028         -0.00642842
                2.53            0.130193         -0.00713868
                2.54            0.130095         -0.00784664
                2.55            0.129987         -0.00855217
                2.56            0.129869         -0.00925514
                2.57            0.129741         -0.00995541
                2.58            0.129603          -0.0106529
                2.59            0.129455          -0.0113473
                 2.6            0.129297          -0.0120387
                2.61            0.129128          -0.0127269
                2.62             0.12895          -0.0134117
                2.63            0.128762          -0.0140931
                2.64            0.128564          -0.0147708
                2.65            0.128357          -0.0154448
                2.66            0.128139          -0.0161149
                2.67            0.127912           -0.016781
                2.68            0.127676          -0.0174431
                2.69            0.127429          -0.0181008
                 2.7            0.127174          -0.0187543
                2.71            0.126909          -0.0194032
                2.72            0.126634          -0.0200475
                2.73             0.12635          -0.0206871
                2.74            0.126057          -0.0213218
                2.75            0.125755          -0.0219516
                2.76            0.125444          -0.0225762
                2.77            0.125123          -0.0231957
                2.78            0.124794          -0.0238098
                2.79            0.124456          -0.0244185
                 2.8            0.124109          -0.0250216
                2.81            0.123753          -0.0256191
                2.82            0.123389          -0.0262107
                2.83            0.123016          -0.0267965
                2.84            0.122635          -0.0273763
                2.85            0.122245          -0.0279499
                2.86            0.121847          -0.0285173
                2.87            0.121441          -0.0290784
                2.88            0.121027          -0.0296331
                2.89            0.120605          -0.0301812
                 2.9            0.120174          -0.0307227
                2.91            0.119736          -0.0312574
                2.92            0.119291          -0.0317852
                2.93            0.118837          -0.0323062
                2.94            0.118376            -0.03282
                2.95            0.117908          -0.0333267
                2.96            0.117432          -0.0338262
                2.97            0.116949          -0.0343184
                2.98            0.116459          -0.0348031
                2.99            0.115962          -0.0352803
                   3            0.115458          -0.0357499
                3.01            0.114948          -0.0362118
                3.02             0.11443          -0.0366659
                3.03            0.113906          -0.0371121
                3.04            0.113376          -0.0375504
                3.05            0.112839          -0.0379806
                3.06            0.112296          -0.0384027
                3.07            0.111747          -0.0388166
                3.08            0.111192          -0.0392223
                3.09            0.110631          -0.0396195
                 3.1            0.110065          -0.0400084
                3.11            0.109493          -0.0403887
                3.12            0.108915          -0.0407605
                3.13            0.108332          -0.0411236
                3.14            0.107744           -0.041478
                3.15             0.10715          -0.0418237
                3.16            0.106552          -0.0421604
                3.17            0.105948          -0.0424883
                3.18             0.10534          -0.0428072
                3.19            0.104728          -0.0431171
                 3.2            0.104111          -0.0434178
                3.21             0.10349          -0.0437095
                3.22            0.102864          -0.0439919
                3.23            0.102234          -0.0442651
                3.24            0.101601          -0.0445289
                3.25            0.100964          -0.0447834
                3.26            0.100323          -0.0450285
                3.27           0.0996781          -0.0452641
                3.28           0.0990302          -0.0454903
                3.29           0.0983791          -0.0457069
                 3.3           0.0977249          -0.0459139
                3.31           0.0970677          -0.0461113
                3.32           0.0964078           -0.046299
                3.33           0.0957451           -0.046477
                3.34           0.0950799          -0.0466454
                3.35           0.0944123          -0.0468039
                3.36           0.0937425          -0.0469527
                3.37           0.0930706          -0.0470916
                3.38           0.0923967          -0.0472207
                3.39            0.091721            -0.04734
                 3.4           0.0910436          -0.0474493
                3.41           0.0903647          -0.0475487
                3.42           0.0896844          -0.0476383
                3.43           0.0890029          -0.0477178
                3.44           0.0883203          -0.0477874
                3.45           0.0876367           -0.047847
                3.46           0.0869524          -0.0478967
                3.47           0.0862673          -0.0479363
                3.48           0.0855818          -0.0479659
                3.49           0.0848959          -0.0479856
                 3.5           0.0842098          -0.0479952
                3.51           0.0835237          -0.0479948
                3.52           0.0828376          -0.0479844
                3.53           0.0821517          -0.0479639
                3.54           0.0814662          -0.0479335
                3.55           0.0807813          -0.0478931
                3.56            0.080097          -0.0478426
                3.57           0.0794135          -0.0477822
                3.58           0.0787309          -0.0477118
                3.59           0.0780495          -0.0476315
                 3.6           0.0773693          -0.0475412
                3.61           0.0766905          -0.0474409
                3.62           0.0760133          -0.0473308
                3.63           0.0753377          -0.0472108
                3.64            0.074664          -0.0470809
                3.65           0.0739922          -0.0469411
                3.66           0.0733226          -0.0467916
                3.67           0.0726552          -0.0466322
                3.68           0.0719902          -0.0464631
                3.69           0.0713278          -0.0462843
                 3.7            0.070668          -0.0460958
                3.71           0.0700111          -0.0458977
                3.72           0.0693571          -0.0456899
                3.73           0.0687063          -0.0454725
                3.74           0.0680587          -0.0452456
                3.75           0.0674145          -0.0450092
                3.76           0.0667738          -0.0447634
                3.77           0.0661367          -0.0445081
                3.78           0.0655035          -0.0442435
                3.79           0.0648742          -0.0439696
                 3.8            0.064249          -0.0436865
                3.81            0.063628          -0.0433941
                3.82           0.0630113          -0.0430926
                3.83           0.0623991           -0.042782
                3.84           0.0617915          -0.0424624
                3.85           0.0611886          -0.0421338
                3.86           0.0605906          -0.0417963
                3.87           0.0599976            -0.04145
                3.88           0.0594097          -0.0410949
                3.89           0.0588271          -0.0407311
                 3.9           0.0582498          -0.0403586
                3.91           0.0576781          -0.0399776
                3.92           0.0571119          -0.0395881
                3.93           0.0565515          -0.0391901
                3.94            0.055997          -0.0387838
                3.95           0.0554485          -0.0383692
                3.96            0.054906          -0.0379465
                3.97           0.0543698          -0.0375156
                3.98           0.0538399          -0.0370767
                3.99           0.0533165          -0.0366298
                   4           0.0527997          -0.0361751
                4.01           0.0522895          -0.0357126
                4.02           0.0517861          -0.0352424
                4.03           0.0512897          -0.0347646
                4.04           0.0508002          -0.0342792
                4.05           0.0503179          -0.0337865
                4.06           0.0498428          -0.0332864
                4.07            0.049375          -0.0327792
                4.08           0.0489147          -0.0322647
                4.09           0.0484619          -0.0317432
                 4.1           0.0480167          -0.0312148
                4.11           0.0475793          -0.0306796
                4.12           0.0471497          -0.0301376
                4.13           0.0467281          -0.0295889
                4.14           0.0463145          -0.0290338
                4.15           0.0459089          -0.0284722
                4.16           0.0455116          -0.0279042
                4.17           0.0451226          -0.0273301
                4.18            0.044742          -0.0267498
                4.19           0.0443699          -0.0261636
                 4.2           0.0440063          -0.0255715
                4.21           0.0436513          -0.0249735
                4.22           0.0433051            -0.02437
                4.23           0.0429676          -0.0237609
                4.24           0.0426391          -0.0231463
                4.25           0.0423195          -0.0225264
                4.26           0.0420089          -0.0219013
                4.27           0.0417074          -0.0212712
                4.28           0.0414151          -0.0206361
                4.29           0.0411321          -0.0199961
                 4.3           0.0408583          -0.0193514
                4.31           0.0405939          -0.0187021
                4.32            0.040339          -0.0180484
                4.33           0.0400936          -0.0173902
                4.34           0.0398577          -0.0167279
                4.35           0.0396314          -0.0160614
                4.36           0.0394148           -0.015391
                4.37            0.039208          -0.0147167
                4.38           0.0390109          -0.0140387
                4.39           0.0388237           -0.013357
                 4.4           0.0386463          -0.0126719
                4.41           0.0384789          -0.0119835
                4.42           0.0383214          -0.0112919
                4.43            0.038174          -0.0105971
                4.44           0.0380366         -0.00989946
                4.45           0.0379093         -0.00919897
                4.46           0.0377922         -0.00849579
                4.47           0.0376852         -0.00779006
                4.48           0.0375885         -0.00708191
                4.49           0.0375019         -0.00637148
                 4.5           0.0374257         -0.00565888
                4.51           0.0373597         -0.00494428
                4.52            0.037304         -0.00422778
                4.53           0.0372587         -0.00350954
