TIMESTEP:    0.01
NPERIODS:    1
ALPHA:       0.01
PHI:         1
X0:          0
Z0:          -0.1
               TIME:                   X                   Z
                   0                   0                -0.1
                0.01         1.87587e-06          -0.0998974
                0.02          5.0021e-06          -0.0997947
                0.03         9.37846e-06          -0.0996921
                0.04         1.50046e-05          -0.0995894
                0.05         2.18802e-05          -0.0994868
                0.06         3.00046e-05          -0.0993843
                0.07         3.93772e-05          -0.0992817
                0.08         4.99974e-05          -0.0991793
                0.09         6.18644e-05          -0.0990768
                 0.1         7.49771e-05          -0.0989745
                0.11         8.93348e-05          -0.0988722
                0.12         0.000104936            -0.09877
                0.13          0.00012178          -0.0986679
                0.14         0.000139865          -0.0985658
                0.15         0.000159191          -0.0984639
                0.16         0.000179754          -0.0983621
                0.17         0.000201555          -0.0982604
                0.18         0.000224591          -0.0981588
                0.19          0.00024886          -0.0980574
                 0.2         0.000274361          -0.0979561
                0.21         0.000301092          -0.0978549
                0.22         0.000329051          -0.0977539
                0.23         0.000358235          -0.0976531
                0.24         0.000388643          -0.0975524
                0.25         0.000420272           -0.097452
                0.26          0.00045312          -0.0973517
                0.27         0.000487183          -0.0972516
                0.28         0.000522461          -0.0971517
                0.29         0.000558949           -0.097052
                 0.3         0.000596646          -0.0969525
                0.31         0.000635549          -0.0968533
                0.32         0.000675653          -0.0967543
                0.33         0.000716957          -0.0966555
                0.34         0.000759458           -0.096557
                0.35         0.000803151          -0.0964587
                0.36         0.000848035          -0.0963607
                0.37         0.000894105           -0.096263
                0.38         0.000941358          -0.0961655
                0.39          0.00098979          -0.0960684
                 0.4           0.0010394          -0.0959715
                0.41          0.00109018          -0.0958749
                0.42          0.00114213          -0.0957786
                0.43          0.00119524          -0.0956827
                0.44          0.00124951           -0.095587
                0.45          0.00130494          -0.0954917
                0.46          0.00136152          -0.0953968
                0.47          0.00141925          -0.0953021
                0.48          0.00147812          -0.0952079
                0.49          0.00153813          -0.0951139
                 0.5          0.00159928          -0.0950204
                0.51          0.00166155          -0.0949272
                0.52          0.00172495          -0.0948344
                0.53          0.00178947           -0.094742
                0.54          0.00185511            -0.09465
                0.55          0.00192186          -0.0945584
                0.56          0.00198971          -0.0944671
                0.57          0.00205866          -0.0943763
                0.58          0.00212871           -0.094286
                0.59          0.00219985           -0.094196
                 0.6          0.00227207          -0.0941065
                0.61          0.00234537          -0.0940174
                0.62          0.00241975          -0.0939288
                0.63          0.00249519          -0.0938406
                0.64           0.0025717          -0.0937529
                0.65          0.00264926          -0.0936657
                0.66          0.00272787          -0.0935789
                0.67          0.00280753          -0.0934926
                0.68          0.00288823          -0.0934068
                0.69          0.00296996          -0.0933215
                 0.7          0.00305272          -0.0932368
                0.71           0.0031365          -0.0931525
                0.72          0.00322129          -0.0930687
                0.73          0.00330709          -0.0929854
                0.74          0.00339389          -0.0929027
                0.75          0.00348169          -0.0928205
                0.76          0.00357048          -0.0927389
                0.77          0.00366024          -0.0926578
                0.78          0.00375099          -0.0925772
                0.79           0.0038427          -0.0924972
                 0.8          0.00393537          -0.0924178
                0.81          0.00402899          -0.0923389
                0.82          0.00412357          -0.0922606
                0.83          0.00421908          -0.0921829
                0.84          0.00431553          -0.0921058
                0.85           0.0044129          -0.0920293
                0.86           0.0045112          -0.0919534
                0.87           0.0046104           -0.091878
                0.88          0.00471051          -0.0918033
                0.89          0.00481151          -0.0917293
                 0.9           0.0049134          -0.0916558
                0.91          0.00501618           -0.091583
                0.92          0.00511982          -0.0915108
                0.93          0.00522434          -0.0914392
                0.94          0.00532971          -0.0913683
                0.95          0.00543593           -0.091298
                0.96          0.00554299          -0.0912284
                0.97          0.00565089          -0.0911594
                0.98          0.00575961          -0.0910912
                0.99          0.00586915          -0.0910235
                   1           0.0059795          -0.0909566
                1.01          0.00609066          -0.0908903
                1.02           0.0062026          -0.0908248
                1.03          0.00631533          -0.0907599
                1.04          0.00642884          -0.0906957
                1.05          0.00654312          -0.0906322
                1.06          0.00665815          -0.0905695
                1.07          0.00677394          -0.0905074
                1.08          0.00689047          -0.0904461
                1.09          0.00700773          -0.0903854
                 1.1          0.00712571          -0.0903255
                1.11          0.00724442          -0.0902664
                1.12          0.00736382          -0.0902079
                1.13          0.00748393          -0.0901502
                1.14          0.00760473          -0.0900933
                1.15          0.00772621          -0.0900371
                1.16          0.00784835          -0.0899816
                1.17          0.00797116          -0.0899269
                1.18          0.00809463           -0.089873
                1.19          0.00821873          -0.0898198
                 1.2          0.00834347          -0.0897674
                1.21          0.00846884          -0.0897157
                1.22          0.00859482          -0.0896649
                1.23          0.00872141          -0.0896148
                1.24           0.0088486          -0.0895655
                1.25          0.00897637           -0.089517
                1.26          0.00910472          -0.0894693
                1.27          0.00923364          -0.0894223
                1.28          0.00936312          -0.0893762
                1.29          0.00949315          -0.0893309
                 1.3          0.00962371          -0.0892864
                1.31          0.00975481          -0.0892427
                1.32          0.00988643          -0.0891998
                1.33           0.0100186          -0.0891577
                1.34           0.0101512          -0.0891164
                1.35           0.0102843           -0.089076
                1.36           0.0104179          -0.0890364
                1.37            0.010552          -0.0889976
                1.38           0.0106865          -0.0889596
                1.39           0.0108215          -0.0889225
                 1.4           0.0109569          -0.0888862
                1.41           0.0110927          -0.0888507
                1.42            0.011229          -0.0888161
                1.43           0.0113657          -0.0887824
                1.44           0.0115028          -0.0887494
                1.45           0.0116403          -0.0887174
                1.46           0.0117781          -0.0886862
                1.47           0.0119163          -0.0886558
                1.48           0.0120549          -0.0886263
                1.49           0.0121938          -0.0885977
                 1.5           0.0123331          -0.0885699
                1.51           0.0124727           -0.088543
                1.52           0.0126126          -0.0885169
                1.53           0.0127528          -0.0884917
                1.54           0.0128934          -0.0884674
                1.55           0.0130342          -0.0884439
                1.56           0.0131752          -0.0884214
                1.57           0.0133166          -0.0883997
                1.58           0.0134582          -0.0883788
                1.59              0.0136          -0.0883589
                 1.6           0.0137421          -0.0883398
                1.61           0.0138844          -0.0883216
                1.62           0.0140269          -0.0883043
                1.63           0.0141697          -0.0882879
                1.64           0.0143126          -0.0882724
                1.65           0.0144557          -0.0882577
                1.66           0.0145989           -0.088244
                1.67           0.0147423          -0.0882311
                1.68           0.0148859          -0.0882191
                1.69           0.0150296           -0.088208
                 1.7           0.0151735          -0.0881978
                1.71           0.0153174          -0.0881885
                1.72           0.0154615          -0.0881801
                1.73           0.0156056          -0.0881725
                1.74           0.0157499          -0.0881659
                1.75           0.0158942          -0.0881602
                1.76           0.0160386          -0.0881553
                1.77            0.016183          -0.0881514
                1.78           0.0163275          -0.0881483
                1.79            0.016472          -0.0881462
                 1.8           0.0166165          -0.0881449
                1.81            0.016761          -0.0881445
                1.82           0.0169056           -0.088145
                1.83           0.0170501          -0.0881465
                1.84           0.0171946          -0.0881488
                1.85            0.017339           -0.088152
                1.86           0.0174835          -0.0881561
                1.87           0.0176278          -0.0881611
                1.88           0.0177721           -0.088167
                1.89           0.0179164          -0.0881738
                 1.9           0.0180605          -0.0881815
                1.91           0.0182045            -0.08819
                1.92           0.0183485          -0.0881995
                1.93           0.0184923          -0.0882099
                1.94            0.018636          -0.0882211
                1.95           0.0187795          -0.0882333
                1.96           0.0189229          -0.0882463
                1.97           0.0190661          -0.0882602
                1.98           0.0192092           -0.088275
                1.99           0.0193521          -0.0882907
                   2           0.0194948          -0.0883073
                2.01           0.0196373          -0.0883247
                2.02           0.0197795          -0.0883431
                2.03           0.0199216          -0.0883623
                2.04           0.0200634          -0.0883824
                2.05           0.0202049          -0.0884034
                2.06           0.0203462          -0.0884252
                2.07           0.0204873          -0.0884479
                2.08            0.020628          -0.0884715
                2.09           0.0207685           -0.088496
                 2.1           0.0209086          -0.0885214
                2.11           0.0210485          -0.0885476
                2.12            0.021188          -0.0885746
                2.13           0.0213273          -0.0886026
                2.14           0.0214661          -0.0886314
                2.15           0.0216046           -0.088661
                2.16           0.0217428          -0.0886915
                2.17           0.0218806          -0.0887229
                2.18            0.022018          -0.0887551
                2.19            0.022155          -0.0887882
                 2.2           0.0222916          -0.0888221
                2.21           0.0224278          -0.0888568
                2.22           0.0225636          -0.0888924
                2.23           0.0226989          -0.0889289
                2.24           0.0228338          -0.0889661
                2.25           0.0229683          -0.0890042
                2.26           0.0231023          -0.0890432
                2.27           0.0232358          -0.0890829
                2.28           0.0233688          -0.0891235
                2.29           0.0235014          -0.0891649
                 2.3           0.0236334          -0.0892071
                2.31           0.0237649          -0.0892502
                2.32           0.0238959           -0.089294
                2.33           0.0240264          -0.0893387
                2.34           0.0241564          -0.0893842
                2.35           0.0242857          -0.0894304
                2.36           0.0244146          -0.0894775
                2.37           0.0245428          -0.0895253
                2.38           0.0246705           -0.089574
                2.39           0.0247976          -0.0896234
                 2.4            0.024924          -0.0896736
                2.41           0.0250499          -0.0897246
                2.42           0.0251752          -0.0897764
                2.43           0.0252998           -0.089829
                2.44           0.0254238          -0.0898823
                2.45           0.0255472          -0.0899363
                2.46           0.0256699          -0.0899912
                2.47           0.0257919          -0.0900468
                2.48           0.0259132          -0.0901031
                2.49           0.0260339          -0.0901602
                 2.5           0.0261539           -0.090218
                2.51           0.0262732          -0.0902766
                2.52           0.0263918          -0.0903359
                2.53           0.0265096          -0.0903959
                2.54           0.0266268          -0.0904567
                2.55           0.0267432          -0.0905181
                2.56           0.0268588          -0.0905803
                2.57           0.0269737          -0.0906432
                2.58           0.0270879          -0.0907068
                2.59           0.0272012          -0.0907711
                 2.6           0.0273138          -0.0908361
                2.61           0.0274256          -0.0909018
                2.62           0.0275367          -0.0909682
                2.63           0.0276469          -0.0910352
                2.64           0.0277563           -0.091103
                2.65           0.0278649          -0.0911714
                2.66           0.0279726          -0.0912404
                2.67           0.0280795          -0.0913102
                2.68           0.0281856          -0.0913805
                2.69           0.0282908          -0.0914516
                 2.7           0.0283952          -0.0915232
                2.71           0.0284987          -0.0915956
                2.72           0.0286013          -0.0916685
                2.73            0.028703          -0.0917421
                2.74           0.0288039          -0.0918163
                2.75           0.0289038          -0.0918911
                2.76           0.0290029          -0.0919665
                2.77            0.029101          -0.0920425
                2.78           0.0291982          -0.0921192
                2.79           0.0292945          -0.0921964
                 2.8           0.0293899          -0.0922742
                2.81           0.0294843          -0.0923526
                2.82           0.0295777          -0.0924315
                2.83           0.0296702          -0.0925111
                2.84           0.0297618          -0.0925911
                2.85           0.0298524          -0.0926718
                2.86            0.029942           -0.092753
                2.87           0.0300306          -0.0928347
                2.88           0.0301182           -0.092917
                2.89           0.0302048          -0.0929999
                 2.9           0.0302905          -0.0930832
                2.91           0.0303751          -0.0931671
                2.92           0.0304587          -0.0932514
                2.93           0.0305413          -0.0933363
                2.94           0.0306228          -0.0934217
                2.95           0.0307033          -0.0935076
                2.96           0.0307828          -0.0935939
                2.97           0.0308612          -0.0936808
                2.98           0.0309386          -0.0937681
                2.99           0.0310149          -0.0938559
                   3           0.0310902          -0.0939442
                3.01           0.0311644          -0.0940329
                3.02           0.0312375           -0.094122
                3.03           0.0313095          -0.0942116
                3.04           0.0313805          -0.0943016
                3.05           0.0314503          -0.0943921
                3.06           0.0315191          -0.0944829
                3.07           0.0315868          -0.0945742
                3.08           0.0316533          -0.0946659
                3.09           0.0317188           -0.094758
                 3.1           0.0317831          -0.0948505
                3.11           0.0318463          -0.0949434
                3.12           0.0319084          -0.0950366
                3.13           0.0319693          -0.0951302
                3.14           0.0320291          -0.0952242
                3.15           0.0320878          -0.0953185
                3.16           0.0321453          -0.0954132
                3.17           0.0322017          -0.0955083
                3.18           0.0322569          -0.0956036
                3.19            0.032311          -0.0956993
                 3.2           0.0323639          -0.0957953
                3.21           0.0324157          -0.0958916
                3.22           0.0324663          -0.0959883
                3.23           0.0325157          -0.0960852
                3.24           0.0325639          -0.0961824
                3.25           0.0326109          -0.0962799
                3.26           0.0326568          -0.0963777
                3.27           0.0327015          -0.0964758
                3.28            0.032745          -0.0965741
                3.29           0.0327873          -0.0966726
                 3.3           0.0328283          -0.0967714
                3.31           0.0328682          -0.0968705
                3.32           0.0329069          -0.0969698
                3.33           0.0329444          -0.0970693
                3.34           0.0329807           -0.097169
                3.35           0.0330158          -0.0972689
                3.36           0.0330496          -0.0973691
                3.37           0.0330823          -0.0974694
                3.38           0.0331137          -0.0975699
                3.39           0.0331439          -0.0976706
                 3.4           0.0331728          -0.0977715
                3.41           0.0332006          -0.0978725
                3.42           0.0332271          -0.0979737
                3.43           0.0332524           -0.098075
                3.44           0.0332764          -0.0981764
                3.45           0.0332993           -0.098278
                3.46           0.0333209          -0.0983798
                3.47           0.0333412          -0.0984816
                3.48           0.0333603          -0.0985835
                3.49           0.0333782          -0.0986856
                 3.5           0.0333948          -0.0987877
                3.51           0.0334102          -0.0988899
                3.52           0.0334243          -0.0989922
                3.53           0.0334372          -0.0990946
                3.54           0.0334489          -0.0991971
                3.55           0.0334593          -0.0992995
                3.56           0.0334684          -0.0994021
                3.57           0.0334764          -0.0995046
                3.58            0.033483          -0.0996073
                3.59           0.0334884          -0.0997099
                 3.6           0.0334926          -0.0998125
                3.61           0.0334955          -0.0999152
                3.62           0.0334971           -0.100018
                3.63           0.0334976            -0.10012
                3.64           0.0334967           -0.100223
                3.65           0.0334946           -0.100326
                3.66           0.0334913           -0.100428
                3.67           0.0334867           -0.100531
                3.68           0.0334808           -0.100633
                3.69           0.0334738           -0.100736
                 3.7           0.0334654           -0.100838
                3.71           0.0334558            -0.10094
                3.72            0.033445           -0.101043
                3.73           0.0334329           -0.101145
                3.74           0.0334196           -0.101247
                3.75            0.033405           -0.101349
                3.76           0.0333892            -0.10145
                3.77           0.0333721           -0.101552
                3.78           0.0333538           -0.101654
                3.79           0.0333343           -0.101755
                 3.8           0.0333135           -0.101857
                3.81           0.0332915           -0.101958
                3.82           0.0332683           -0.102059
                3.83           0.0332438            -0.10216
                3.84           0.0332181            -0.10226
                3.85           0.0331911           -0.102361
                3.86           0.0331629           -0.102461
                3.87           0.0331336           -0.102561
                3.88           0.0331029           -0.102661
                3.89           0.0330711           -0.102761
                 3.9           0.0330381            -0.10286
                3.91           0.0330038           -0.102959
                3.92           0.0329683           -0.103058
                3.93           0.0329316           -0.103157
                3.94           0.0328937           -0.103256
                3.95           0.0328546           -0.103354
                3.96           0.0328143           -0.103452
                3.97           0.0327728            -0.10355
                3.98           0.0327301           -0.103647
                3.99           0.0326862           -0.103745
                   4           0.0326411           -0.103841
                4.01           0.0325949           -0.103938
                4.02           0.0325474           -0.104034
                4.03           0.0324988            -0.10413
                4.04            0.032449           -0.104226
                4.05            0.032398           -0.104321
                4.06           0.0323459           -0.104416
                4.07           0.0322926           -0.104511
                4.08           0.0322382           -0.104605
                4.09           0.0321826           -0.104699
                 4.1           0.0321258           -0.104793
                4.11           0.0320679           -0.104886
                4.12           0.0320089           -0.104979
                4.13           0.0319487           -0.105071
                4.14           0.0318874           -0.105163
                4.15           0.0318249           -0.105255
                4.16           0.0317614           -0.105346
                4.17           0.0316967           -0.105437
                4.18           0.0316309           -0.105527
                4.19            0.031564           -0.105617
                 4.2            0.031496           -0.105707
                4.21           0.0314269           -0.105796
                4.22           0.0313568           -0.105885
                4.23           0.0312855           -0.105973
                4.24           0.0312131           -0.106061
                4.25           0.0311397           -0.106148
                4.26           0.0310652           -0.106235
                4.27           0.0309897           -0.106321
                4.28            0.030913           -0.106407
                4.29           0.0308354           -0.106492
                 4.3           0.0307567           -0.106577
                4.31           0.0306769           -0.106661
                4.32           0.0305961           -0.106745
                4.33           0.0305143           -0.106828
                4.34           0.0304315           -0.106911
                4.35           0.0303476           -0.106993
                4.36           0.0302628           -0.107075
                4.37           0.0301769           -0.107156
                4.38           0.0300901           -0.107237
                4.39           0.0300022           -0.107317
                 4.4           0.0299134           -0.107396
                4.41           0.0298236           -0.107475
                4.42           0.0297328           -0.107553
                4.43           0.0296411           -0.107631
                4.44           0.0295484           -0.107708
                4.45           0.0294548           -0.107785
                4.46           0.0293602           -0.107861
                4.47           0.0292647           -0.107936
                4.48           0.0291683           -0.108011
                4.49            0.029071           -0.108085
                 4.5           0.0289727           -0.108159
                4.51           0.0288736           -0.108231
                4.52           0.0287735           -0.108304
                4.53           0.0286726           -0.108375
                4.54           0.0285708           -0.108446
                4.55           0.0284681           -0.108517
                4.56           0.0283646           -0.108586
                4.57           0.0282602           -0.108655
                4.58            0.028155           -0.108724
                4.59           0.0280489           -0.108791
                 4.6            0.027942           -0.108858
                4.61           0.0278342           -0.108924
                4.62           0.0277257            -0.10899
                4.63           0.0276163           -0.109055
                4.64           0.0275062           -0.109119
                4.65           0.0273953           -0.109183
                4.66           0.0272835           -0.109246
                4.67           0.0271711           -0.109308
                4.68           0.0270578           -0.109369
                4.69           0.0269438            -0.10943
                 4.7           0.0268291            -0.10949
                4.71           0.0267136           -0.109549
                4.72           0.0265974           -0.109607
                4.73           0.0264805           -0.109665
                4.74           0.0263628           -0.109722
                4.75           0.0262445           -0.109778
                4.76           0.0261255           -0.109834
                4.77           0.0260058           -0.109889
                4.78           0.0258854           -0.109943
                4.79           0.0257644           -0.109996
                 4.8           0.0256427           -0.110048
                4.81           0.0255203             -0.1101
                4.82           0.0253974           -0.110151
                4.83           0.0252738           -0.110201
                4.84           0.0251496            -0.11025
                4.85           0.0250248           -0.110299
                4.86           0.0248994           -0.110347
                4.87           0.0247734           -0.110394
                4.88           0.0246468            -0.11044
                4.89           0.0245197           -0.110485
                 4.9            0.024392            -0.11053
                4.91           0.0242638           -0.110574
                4.92            0.024135           -0.110616
                4.93           0.0240057           -0.110659
                4.94           0.0238759             -0.1107
                4.95           0.0237456            -0.11074
                4.96           0.0236148            -0.11078
                4.97           0.0234835           -0.110819
                4.98           0.0233517           -0.110857
                4.99           0.0232195           -0.110894
                   5           0.0230868            -0.11093
                5.01           0.0229536           -0.110966
                5.02           0.0228201           -0.111001
                5.03           0.0226861           -0.111034
                5.04           0.0225517           -0.111067
                5.05           0.0224169             -0.1111
                5.06           0.0222817           -0.111131
                5.07           0.0221461           -0.111161
                5.08           0.0220101           -0.111191
                5.09           0.0218738           -0.111219
                 5.1           0.0217372           -0.111247
                5.11           0.0216002           -0.111274
                5.12           0.0214628             -0.1113
                5.13           0.0213252           -0.111326
                5.14           0.0211872            -0.11135
                5.15            0.021049           -0.111374
                5.16           0.0209104           -0.111396
                5.17           0.0207716           -0.111418
                5.18           0.0206325           -0.111439
                5.19           0.0204932           -0.111459
                 5.2           0.0203536           -0.111478
                5.21           0.0202138           -0.111496
                5.22           0.0200738           -0.111513
                5.23           0.0199336            -0.11153
                5.24           0.0197932           -0.111546
                5.25           0.0196525            -0.11156
                5.26           0.0195118           -0.111574
                5.27           0.0193708           -0.111587
                5.28           0.0192297           -0.111599
                5.29           0.0190884            -0.11161
                 5.3            0.018947            -0.11162
                5.31           0.0188055            -0.11163
                5.32           0.0186639           -0.111638
                5.33           0.0185222           -0.111646
                5.34           0.0183804           -0.111653
                5.35           0.0182385           -0.111658
                5.36           0.0180965           -0.111663
                5.37           0.0179545           -0.111667
                5.38           0.0178125            -0.11167
                5.39           0.0176704           -0.111673
                 5.4           0.0175283           -0.111674
                5.41           0.0173862           -0.111674
                5.42            0.017244           -0.111674
                5.43           0.0171019           -0.111673
                5.44           0.0169598            -0.11167
                5.45           0.0168178           -0.111667
                5.46           0.0166758           -0.111663
                5.47           0.0165338           -0.111658
                5.48            0.016392           -0.111652
                5.49           0.0162501           -0.111646
                 5.5           0.0161084           -0.111638
                5.51           0.0159668           -0.111629
                5.52           0.0158253            -0.11162
                5.53           0.0156839            -0.11161
                5.54           0.0155427           -0.111598
                5.55           0.0154016           -0.111586
                5.56           0.0152606           -0.111573
                5.57           0.0151198            -0.11156
                5.58           0.0149792           -0.111545
                5.59           0.0148388           -0.111529
                 5.6           0.0146986           -0.111513
                5.61           0.0145586           -0.111495
                5.62           0.0144188           -0.111477
                5.63           0.0142792           -0.111458
                5.64           0.0141399           -0.111438
                5.65           0.0140008           -0.111417
                5.66            0.013862           -0.111395
                5.67           0.0137235           -0.111372
                5.68           0.0135853           -0.111349
                5.69           0.0134473           -0.111324
                 5.7           0.0133097           -0.111299
                5.71           0.0131724           -0.111273
                5.72           0.0130354           -0.111246
                5.73           0.0128988           -0.111218
                5.74           0.0127625           -0.111189
                5.75           0.0126265            -0.11116
                5.76            0.012491           -0.111129
                5.77           0.0123558           -0.111098
                5.78            0.012221           -0.111066
                5.79           0.0120866           -0.111033
                 5.8           0.0119526           -0.110999
                5.81           0.0118191           -0.110964
                5.82            0.011686           -0.110929
                5.83           0.0115533           -0.110892
                5.84           0.0114211           -0.110855
                5.85           0.0112894           -0.110817
                5.86           0.0111581           -0.110778
                5.87           0.0110273           -0.110738
                5.88            0.010897           -0.110698
                5.89           0.0107672           -0.110657
                 5.9            0.010638           -0.110614
                5.91           0.0105092           -0.110571
                5.92            0.010381           -0.110528
                5.93           0.0102534           -0.110483
                5.94           0.0101263           -0.110438
                5.95          0.00999972           -0.110391
                5.96          0.00987376           -0.110344
                5.97          0.00974838           -0.110296
                5.98          0.00962361           -0.110248
                5.99          0.00949943           -0.110199
                   6          0.00937588           -0.110148
                6.01          0.00925294           -0.110097
                6.02          0.00913064           -0.110046
                6.03          0.00900899           -0.109993
                6.04          0.00888799            -0.10994
                6.05          0.00876765           -0.109886
                6.06          0.00864798           -0.109831
                6.07          0.00852899           -0.109776
                6.08           0.0084107           -0.109719
                6.09           0.0082931           -0.109662
                 6.1          0.00817621           -0.109604
                6.11          0.00806005           -0.109546
                6.12           0.0079446           -0.109487
                6.13           0.0078299           -0.109427
                6.14          0.00771593           -0.109366
                6.15          0.00760273           -0.109305
                6.16          0.00749028           -0.109242
                6.17          0.00737861            -0.10918
                6.18          0.00726771           -0.109116
                6.19           0.0071576           -0.109052
                 6.2          0.00704829           -0.108987
                6.21          0.00693979           -0.108921
                6.22           0.0068321           -0.108855
                6.23          0.00672523           -0.108788
                6.24          0.00661919            -0.10872
                6.25            0.006514           -0.108652
                6.26          0.00640964           -0.108583
                6.27          0.00630615           -0.108513
                6.28          0.00620351           -0.108443
                6.29          0.00610175           -0.108372
                 6.3          0.00600087             -0.1083
                6.31          0.00590087           -0.108228
                6.32          0.00580177           -0.108155
                6.33          0.00570356           -0.108081
                6.34          0.00560627           -0.108007
                6.35           0.0055099           -0.107932
                6.36          0.00541445           -0.107857
                6.37          0.00531993           -0.107781
                6.38          0.00522635           -0.107704
                6.39          0.00513372           -0.107627
                 6.4          0.00504205           -0.107549
                6.41          0.00495133           -0.107471
                6.42          0.00486158           -0.107392
                6.43          0.00477281           -0.107313
                6.44          0.00468501           -0.107233
                6.45          0.00459821           -0.107152
                6.46           0.0045124           -0.107071
                6.47           0.0044276           -0.106989
                6.48           0.0043438           -0.106907
                6.49          0.00426101           -0.106824
                 6.5          0.00417925           -0.106741
                6.51          0.00409852           -0.106657
                6.52          0.00401882           -0.106573
                6.53          0.00394016           -0.106488
                6.54          0.00386254           -0.106402
                6.55          0.00378598           -0.106317
                6.56          0.00371048            -0.10623
                6.57          0.00363603           -0.106143
                6.58          0.00356266           -0.106056
                6.59          0.00349037           -0.105968
                 6.6          0.00341915            -0.10588
                6.61          0.00334902           -0.105791
                6.62          0.00327999           -0.105702
                6.63          0.00321205           -0.105613
                6.64          0.00314521           -0.105523
                6.65          0.00307948           -0.105432
                6.66          0.00301486           -0.105342
                6.67          0.00295136            -0.10525
                6.68          0.00288898           -0.105159
                6.69          0.00282773           -0.105067
                 6.7          0.00276761           -0.104974
                6.71          0.00270862           -0.104881
                6.72          0.00265078           -0.104788
                6.73          0.00259409           -0.104694
                6.74          0.00253854             -0.1046
                6.75          0.00248414           -0.104506
                6.76          0.00243091           -0.104411
                6.77          0.00237884           -0.104316
                6.78          0.00232793           -0.104221
                6.79           0.0022782           -0.104125
                 6.8          0.00222963           -0.104029
                6.81          0.00218225           -0.103933
                6.82          0.00213605           -0.103837
                6.83          0.00209103            -0.10374
                6.84           0.0020472           -0.103642
                6.85          0.00200456           -0.103545
                6.86          0.00196312           -0.103447
                6.87          0.00192288           -0.103349
                6.88          0.00188384           -0.103251
                6.89            0.001846           -0.103152
                 6.9          0.00180937           -0.103053
                6.91          0.00177395           -0.102954
                6.92          0.00173974           -0.102855
                6.93          0.00170675           -0.102756
                6.94          0.00167497           -0.102656
                6.95          0.00164442           -0.102556
                6.96          0.00161509           -0.102456
                6.97          0.00158698           -0.102356
                6.98           0.0015601           -0.102255
                6.99          0.00153445           -0.102154
                   7          0.00151004           -0.102054
                7.01          0.00148685           -0.101953
                7.02           0.0014649           -0.101851
                7.03          0.00144418            -0.10175
                7.04          0.00142471           -0.101649
                7.05          0.00140647           -0.101547
                7.06          0.00138948           -0.101445
                7.07          0.00137372           -0.101344
                7.08          0.00135921           -0.101242
                7.09          0.00134595            -0.10114
                 7.1          0.00133393           -0.101037
                7.11          0.00132316           -0.100935
                7.12          0.00131363           -0.100833
                7.13          0.00130535           -0.100731
                7.14          0.00129832           -0.100628
                7.15          0.00129254           -0.100526
                7.16          0.00128801           -0.100423
                7.17          0.00128473            -0.10032
                7.18           0.0012827           -0.100218
                7.19          0.00128192           -0.100115
                 7.2           0.0012824           -0.100013
