TIMESTEP:    0.01
NPERIODS:    1
ALPHA:       0.01
PHI:         1
X0:          0
Z0:          -0.9
               TIME:                   X                   Z
                   0                   0                -0.9
                0.01         1.31549e-06            -0.89999
                0.02         3.50773e-06            -0.89998
                0.03         6.57646e-06            -0.89997
                0.04         1.05214e-05            -0.89996
                0.05         1.53421e-05            -0.89995
                0.06         2.10381e-05            -0.89994
                0.07          2.7609e-05            -0.89993
                0.08          3.5054e-05            -0.89992
                0.09         4.33727e-05            -0.89991
                 0.1         5.25642e-05             -0.8999
                0.11         6.26278e-05            -0.89989
                0.12         7.35626e-05            -0.89988
                0.13         8.53678e-05            -0.89987
                0.14         9.80422e-05            -0.89986
                0.15         0.000111585            -0.89985
                0.16         0.000125995            -0.89984
                0.17         0.000141271            -0.89983
                0.18         0.000157411            -0.89982
                0.19         0.000174416           -0.899811
                 0.2         0.000192282           -0.899801
                0.21         0.000211008           -0.899791
                0.22         0.000230594           -0.899781
                0.23         0.000251038           -0.899771
                0.24         0.000272337           -0.899761
                0.25         0.000294491           -0.899751
                0.26         0.000317497           -0.899742
                0.27         0.000341354           -0.899732
                0.28         0.000366059           -0.899722
                0.29         0.000391611           -0.899713
                 0.3         0.000418008           -0.899703
                0.31         0.000445248           -0.899693
                0.32         0.000473328           -0.899684
                0.33         0.000502247           -0.899674
                0.34         0.000532002           -0.899664
                0.35          0.00056259           -0.899655
                0.36          0.00059401           -0.899645
                0.37         0.000626259           -0.899636
                0.38         0.000659334           -0.899626
                0.39         0.000693233           -0.899617
                 0.4         0.000727954           -0.899607
                0.41         0.000763492           -0.899598
                0.42         0.000799847           -0.899588
                0.43         0.000837014           -0.899579
                0.44         0.000874992            -0.89957
                0.45         0.000913776           -0.899561
                0.46         0.000953365           -0.899551
                0.47         0.000993754           -0.899542
                0.48          0.00103494           -0.899533
                0.49          0.00107692           -0.899524
                 0.5           0.0011197           -0.899515
                0.51          0.00116326           -0.899506
                0.52          0.00120761           -0.899497
                0.53          0.00125273           -0.899488
                0.54          0.00129864           -0.899479
                0.55          0.00134532            -0.89947
                0.56          0.00139277           -0.899461
                0.57          0.00144099           -0.899452
                0.58          0.00148997           -0.899443
                0.59          0.00153972           -0.899434
                 0.6          0.00159021           -0.899426
                0.61          0.00164146           -0.899417
                0.62          0.00169346           -0.899408
                0.63           0.0017462             -0.8994
                0.64          0.00179969           -0.899391
                0.65           0.0018539           -0.899383
                0.66          0.00190885           -0.899374
                0.67          0.00196453           -0.899366
                0.68          0.00202093           -0.899358
                0.69          0.00207805           -0.899349
                 0.7          0.00213589           -0.899341
                0.71          0.00219444           -0.899333
                0.72          0.00225369           -0.899325
                0.73          0.00231364           -0.899317
                0.74          0.00237429           -0.899309
                0.75          0.00243563           -0.899301
                0.76          0.00249767           -0.899293
                0.77          0.00256038           -0.899285
                0.78          0.00262377           -0.899277
                0.79          0.00268783           -0.899269
                 0.8          0.00275257           -0.899261
                0.81          0.00281796           -0.899254
                0.82          0.00288402           -0.899246
                0.83          0.00295073           -0.899239
                0.84          0.00301809           -0.899231
                0.85          0.00308609           -0.899224
                0.86          0.00315473           -0.899216
                0.87            0.003224           -0.899209
                0.88           0.0032939           -0.899202
                0.89          0.00336442           -0.899195
                 0.9          0.00343556           -0.899187
                0.91          0.00350732            -0.89918
                0.92          0.00357967           -0.899173
                0.93          0.00365263           -0.899166
                0.94          0.00372619            -0.89916
                0.95          0.00380033           -0.899153
                0.96          0.00387506           -0.899146
                0.97          0.00395037           -0.899139
                0.98          0.00402625           -0.899133
                0.99           0.0041027           -0.899126
                   1          0.00417971            -0.89912
                1.01          0.00425728           -0.899113
                1.02           0.0043354           -0.899107
                1.03          0.00441406           -0.899101
                1.04          0.00449326           -0.899094
                1.05          0.00457299           -0.899088
                1.06          0.00465324           -0.899082
                1.07          0.00473402           -0.899076
                1.08          0.00481531            -0.89907
                1.09          0.00489711           -0.899064
                 1.1          0.00497941           -0.899058
                1.11          0.00506221           -0.899053
                1.12           0.0051455           -0.899047
                1.13          0.00522927           -0.899041
                1.14          0.00531351           -0.899036
                1.15          0.00539823            -0.89903
                1.16          0.00548341           -0.899025
                1.17          0.00556905            -0.89902
                1.18          0.00565514           -0.899015
                1.19          0.00574168           -0.899009
                 1.2          0.00582865           -0.899004
                1.21          0.00591606           -0.898999
                1.22          0.00600389           -0.898994
                1.23          0.00609214            -0.89899
                1.24          0.00618081           -0.898985
                1.25          0.00626987            -0.89898
                1.26          0.00635934           -0.898976
                1.27           0.0064492           -0.898971
                1.28          0.00653945           -0.898967
                1.29          0.00663007           -0.898962
                 1.3          0.00672107           -0.898958
                1.31          0.00681243           -0.898954
                1.32          0.00690415            -0.89895
                1.33          0.00699622           -0.898945
                1.34          0.00708864           -0.898941
                1.35          0.00718139           -0.898938
                1.36          0.00727448           -0.898934
                1.37          0.00736789            -0.89893
                1.38          0.00746162           -0.898926
                1.39          0.00755565           -0.898923
                 1.4          0.00764999           -0.898919
                1.41          0.00774463           -0.898916
                1.42          0.00783955           -0.898913
                1.43          0.00793475           -0.898909
                1.44          0.00803023           -0.898906
                1.45          0.00812598           -0.898903
                1.46          0.00822199             -0.8989
                1.47          0.00831825           -0.898897
                1.48          0.00841476           -0.898894
                1.49           0.0085115           -0.898892
                 1.5          0.00860848           -0.898889
                1.51          0.00870568           -0.898886
                1.52           0.0088031           -0.898884
                1.53          0.00890073           -0.898881
                1.54          0.00899856           -0.898879
                1.55          0.00909659           -0.898877
                1.56           0.0091948           -0.898875
                1.57           0.0092932           -0.898873
                1.58          0.00939177           -0.898871
                1.59           0.0094905           -0.898869
                 1.6           0.0095894           -0.898867
                1.61          0.00968844           -0.898865
                1.62          0.00978763           -0.898864
                1.63          0.00988696           -0.898862
                1.64          0.00998641           -0.898861
                1.65            0.010086           -0.898859
                1.66           0.0101857           -0.898858
                1.67           0.0102855           -0.898857
                1.68           0.0103854           -0.898856
                1.69           0.0104854           -0.898855
                 1.7           0.0105854           -0.898854
                1.71           0.0106856           -0.898853
                1.72           0.0107858           -0.898852
                1.73           0.0108861           -0.898851
                1.74           0.0109864           -0.898851
                1.75           0.0110868            -0.89885
                1.76           0.0111872            -0.89885
                1.77           0.0112877           -0.898849
                1.78           0.0113882           -0.898849
                1.79           0.0114887           -0.898849
                 1.8           0.0115892           -0.898849
                1.81           0.0116897           -0.898849
                1.82           0.0117902           -0.898849
                1.83           0.0118907           -0.898849
                1.84           0.0119912            -0.89885
                1.85           0.0120916            -0.89885
                1.86            0.012192            -0.89885
                1.87           0.0122924           -0.898851
                1.88           0.0123927           -0.898852
                1.89            0.012493           -0.898852
                 1.9           0.0125932           -0.898853
                1.91           0.0126933           -0.898854
                1.92           0.0127933           -0.898855
                1.93           0.0128933           -0.898856
                1.94           0.0129932           -0.898857
                1.95           0.0130929           -0.898858
                1.96           0.0131926            -0.89886
                1.97           0.0132921           -0.898861
                1.98           0.0133915           -0.898863
                1.99           0.0134908           -0.898864
                   2           0.0135899           -0.898866
                2.01           0.0136889           -0.898868
                2.02           0.0137878           -0.898869
                2.03           0.0138865           -0.898871
                2.04            0.013985           -0.898873
                2.05           0.0140833           -0.898875
                2.06           0.0141814           -0.898878
                2.07           0.0142794            -0.89888
                2.08           0.0143772           -0.898882
                2.09           0.0144747           -0.898885
                 2.1           0.0145721           -0.898887
                2.11           0.0146692            -0.89889
                2.12           0.0147661           -0.898893
                2.13           0.0148628           -0.898895
                2.14           0.0149592           -0.898898
                2.15           0.0150554           -0.898901
                2.16           0.0151513           -0.898904
                2.17           0.0152469           -0.898907
                2.18           0.0153423            -0.89891
                2.19           0.0154374           -0.898914
                 2.2           0.0155322           -0.898917
                2.21           0.0156268           -0.898921
                2.22            0.015721           -0.898924
                2.23           0.0158149           -0.898928
                2.24           0.0159086           -0.898931
                2.25           0.0160018           -0.898935
                2.26           0.0160948           -0.898939
                2.27           0.0161875           -0.898943
                2.28           0.0162798           -0.898947
                2.29           0.0163717           -0.898951
                 2.3           0.0164633           -0.898955
                2.31           0.0165545           -0.898959
                2.32           0.0166454           -0.898964
                2.33           0.0167359           -0.898968
                2.34            0.016826           -0.898973
                2.35           0.0169157           -0.898977
                2.36           0.0170051           -0.898982
                2.37            0.017094           -0.898987
                2.38           0.0171825           -0.898991
                2.39           0.0172706           -0.898996
                 2.4           0.0173583           -0.899001
                2.41           0.0174456           -0.899006
                2.42           0.0175324           -0.899011
                2.43           0.0176188           -0.899016
                2.44           0.0177047           -0.899022
                2.45           0.0177902           -0.899027
                2.46           0.0178752           -0.899032
                2.47           0.0179598           -0.899038
                2.48           0.0180438           -0.899043
                2.49           0.0181274           -0.899049
                 2.5           0.0182106           -0.899055
                2.51           0.0182932            -0.89906
                2.52           0.0183753           -0.899066
                2.53           0.0184569           -0.899072
                2.54            0.018538           -0.899078
                2.55           0.0186186           -0.899084
                2.56           0.0186987            -0.89909
                2.57           0.0187783           -0.899096
                2.58           0.0188573           -0.899103
                2.59           0.0189357           -0.899109
                 2.6           0.0190137           -0.899115
                2.61            0.019091           -0.899122
                2.62           0.0191679           -0.899128
                2.63           0.0192441           -0.899135
                2.64           0.0193198           -0.899142
                2.65           0.0193949           -0.899148
                2.66           0.0194694           -0.899155
                2.67           0.0195434           -0.899162
                2.68           0.0196167           -0.899169
                2.69           0.0196895           -0.899176
                 2.7           0.0197616           -0.899183
                2.71           0.0198332            -0.89919
                2.72           0.0199041           -0.899197
                2.73           0.0199744           -0.899204
                2.74           0.0200441           -0.899212
                2.75           0.0201131           -0.899219
                2.76           0.0201815           -0.899226
                2.77           0.0202493           -0.899234
                2.78           0.0203164           -0.899241
                2.79           0.0203829           -0.899249
                 2.8           0.0204488           -0.899256
                2.81           0.0205139           -0.899264
                2.82           0.0205784           -0.899272
                2.83           0.0206423            -0.89928
                2.84           0.0207054           -0.899288
                2.85           0.0207679           -0.899295
                2.86           0.0208297           -0.899303
                2.87           0.0208908           -0.899311
                2.88           0.0209512           -0.899319
                2.89           0.0210109           -0.899328
                 2.9           0.0210699           -0.899336
                2.91           0.0211282           -0.899344
                2.92           0.0211858           -0.899352
                2.93           0.0212427           -0.899361
                2.94           0.0212988           -0.899369
                2.95           0.0213542           -0.899377
                2.96           0.0214089           -0.899386
                2.97           0.0214629           -0.899394
                2.98           0.0215161           -0.899403
                2.99           0.0215686           -0.899411
                   3           0.0216203            -0.89942
                3.01           0.0216713           -0.899429
                3.02           0.0217216           -0.899437
                3.03            0.021771           -0.899446
                3.04           0.0218198           -0.899455
                3.05           0.0218677           -0.899464
                3.06           0.0219149           -0.899473
                3.07           0.0219613           -0.899482
                3.08           0.0220069           -0.899491
                3.09           0.0220518             -0.8995
                 3.1           0.0220959           -0.899509
                3.11           0.0221392           -0.899518
                3.12           0.0221816           -0.899527
                3.13           0.0222234           -0.899536
                3.14           0.0222643           -0.899545
                3.15           0.0223044           -0.899554
                3.16           0.0223437           -0.899564
                3.17           0.0223822           -0.899573
                3.18           0.0224199           -0.899582
                3.19           0.0224568           -0.899592
                 3.2           0.0224928           -0.899601
                3.21           0.0225281           -0.899611
                3.22           0.0225625            -0.89962
                3.23           0.0225961           -0.899629
                3.24           0.0226289           -0.899639
                3.25           0.0226609           -0.899648
                3.26            0.022692           -0.899658
                3.27           0.0227223           -0.899668
                3.28           0.0227518           -0.899677
                3.29           0.0227804           -0.899687
                 3.3           0.0228082           -0.899697
                3.31           0.0228351           -0.899706
                3.32           0.0228612           -0.899716
                3.33           0.0228865           -0.899726
                3.34           0.0229109           -0.899735
                3.35           0.0229345           -0.899745
                3.36           0.0229572           -0.899755
                3.37            0.022979           -0.899765
                3.38               0.023           -0.899775
                3.39           0.0230202           -0.899784
                 3.4           0.0230395           -0.899794
                3.41           0.0230579           -0.899804
                3.42           0.0230755           -0.899814
                3.43           0.0230922           -0.899824
                3.44            0.023108           -0.899834
                3.45            0.023123           -0.899844
                3.46           0.0231371           -0.899854
                3.47           0.0231503           -0.899864
                3.48           0.0231627           -0.899874
                3.49           0.0231742           -0.899883
                 3.5           0.0231848           -0.899893
                3.51           0.0231946           -0.899903
                3.52           0.0232035           -0.899913
                3.53           0.0232115           -0.899923
                3.54           0.0232186           -0.899933
                3.55           0.0232249           -0.899943
                3.56           0.0232303           -0.899953
                3.57           0.0232348           -0.899963
                3.58           0.0232384           -0.899973
                3.59           0.0232412           -0.899983
                 3.6           0.0232431           -0.899993
                3.61           0.0232441           -0.900003
                3.62           0.0232442           -0.900014
                3.63           0.0232435           -0.900024
                3.64           0.0232419           -0.900034
                3.65           0.0232394           -0.900044
                3.66            0.023236           -0.900054
                3.67           0.0232317           -0.900064
                3.68           0.0232266           -0.900074
                3.69           0.0232206           -0.900084
                 3.7           0.0232137           -0.900094
                3.71            0.023206           -0.900103
                3.72           0.0231973           -0.900113
                3.73           0.0231878           -0.900123
                3.74           0.0231775           -0.900133
                3.75           0.0231662           -0.900143
                3.76           0.0231541           -0.900153
                3.77           0.0231411           -0.900163
                3.78           0.0231272           -0.900173
                3.79           0.0231125           -0.900183
                 3.8           0.0230969           -0.900193
                3.81           0.0230804           -0.900203
                3.82           0.0230631           -0.900213
                3.83           0.0230449           -0.900222
                3.84           0.0230258           -0.900232
                3.85           0.0230059           -0.900242
                3.86           0.0229851           -0.900252
                3.87           0.0229634           -0.900262
                3.88           0.0229409           -0.900271
                3.89           0.0229176           -0.900281
                 3.9           0.0228933           -0.900291
                3.91           0.0228683             -0.9003
                3.92           0.0228424            -0.90031
                3.93           0.0228156            -0.90032
                3.94            0.022788           -0.900329
                3.95           0.0227595           -0.900339
                3.96           0.0227302           -0.900348
                3.97           0.0227001           -0.900358
                3.98           0.0226691           -0.900367
                3.99           0.0226373           -0.900377
                   4           0.0226046           -0.900386
                4.01           0.0225711           -0.900396
                4.02           0.0225368           -0.900405
                4.03           0.0225017           -0.900414
                4.04           0.0224657           -0.900424
                4.05           0.0224289           -0.900433
                4.06           0.0223913           -0.900442
                4.07           0.0223529           -0.900451
                4.08           0.0223137           -0.900461
                4.09           0.0222736            -0.90047
                 4.1           0.0222328           -0.900479
                4.11           0.0221911           -0.900488
                4.12           0.0221487           -0.900497
                4.13           0.0221054           -0.900506
                4.14           0.0220614           -0.900515
                4.15           0.0220166           -0.900524
                4.16           0.0219709           -0.900533
                4.17           0.0219245           -0.900542
                4.18           0.0218774            -0.90055
                4.19           0.0218294           -0.900559
                 4.2           0.0217807           -0.900568
                4.21           0.0217312           -0.900576
                4.22           0.0216809           -0.900585
                4.23           0.0216299           -0.900594
                4.24           0.0215781           -0.900602
                4.25           0.0215255           -0.900611
                4.26           0.0214723           -0.900619
                4.27           0.0214182           -0.900628
                4.28           0.0213634           -0.900636
                4.29           0.0213079           -0.900644
                 4.3           0.0212517           -0.900652
                4.31           0.0211947           -0.900661
                4.32            0.021137           -0.900669
                4.33           0.0210786           -0.900677
                4.34           0.0210194           -0.900685
                4.35           0.0209596           -0.900693
                4.36            0.020899           -0.900701
                4.37           0.0208377           -0.900709
                4.38           0.0207758           -0.900717
                4.39           0.0207131           -0.900724
                 4.4           0.0206498           -0.900732
                4.41           0.0205858            -0.90074
                4.42           0.0205211           -0.900747
                4.43           0.0204557           -0.900755
                4.44           0.0203896           -0.900762
                4.45           0.0203229            -0.90077
                4.46           0.0202556           -0.900777
                4.47           0.0201876           -0.900784
                4.48           0.0201189           -0.900792
                4.49           0.0200496           -0.900799
                 4.5           0.0199796           -0.900806
                4.51            0.019909           -0.900813
                4.52           0.0198378            -0.90082
                4.53            0.019766           -0.900827
                4.54           0.0196936           -0.900834
                4.55           0.0196205           -0.900841
                4.56           0.0195469           -0.900848
                4.57           0.0194726           -0.900854
                4.58           0.0193978           -0.900861
                4.59           0.0193223           -0.900867
                 4.6           0.0192463           -0.900874
                4.61           0.0191697            -0.90088
                4.62           0.0190926           -0.900887
                4.63           0.0190148           -0.900893
                4.64           0.0189365           -0.900899
                4.65           0.0188577           -0.900905
                4.66           0.0187783           -0.900911
                4.67           0.0186984           -0.900917
                4.68           0.0186179           -0.900923
                4.69            0.018537           -0.900929
                 4.7           0.0184555           -0.900935
                4.71           0.0183734           -0.900941
                4.72           0.0182909           -0.900947
                4.73           0.0182079           -0.900952
                4.74           0.0181244           -0.900958
                4.75           0.0180404           -0.900963
                4.76           0.0179559           -0.900968
                4.77           0.0178709           -0.900974
                4.78           0.0177855           -0.900979
                4.79           0.0176996           -0.900984
                 4.8           0.0176132           -0.900989
                4.81           0.0175264           -0.900994
                4.82           0.0174391           -0.900999
                4.83           0.0173514           -0.901004
                4.84           0.0172633           -0.901009
                4.85           0.0171748           -0.901013
                4.86           0.0170858           -0.901018
                4.87           0.0169965           -0.901023
                4.88           0.0169067           -0.901027
                4.89           0.0168166           -0.901031
                 4.9            0.016726           -0.901036
                4.91           0.0166351            -0.90104
                4.92           0.0165438           -0.901044
                4.93           0.0164521           -0.901048
                4.94           0.0163601           -0.901052
                4.95           0.0162677           -0.901056
                4.96            0.016175            -0.90106
                4.97           0.0160819           -0.901064
                4.98           0.0159885           -0.901067
                4.99           0.0158948           -0.901071
                   5           0.0158008           -0.901074
                5.01           0.0157064           -0.901078
                5.02           0.0156118           -0.901081
                5.03           0.0155168           -0.901084
                5.04           0.0154216           -0.901087
                5.05           0.0153261            -0.90109
                5.06           0.0152303           -0.901093
                5.07           0.0151343           -0.901096
                5.08            0.015038           -0.901099
                5.09           0.0149415           -0.901102
                 5.1           0.0148447           -0.901105
                5.11           0.0147476           -0.901107
                5.12           0.0146504            -0.90111
                5.13           0.0145529           -0.901112
                5.14           0.0144552           -0.901114
                5.15           0.0143573           -0.901117
                5.16           0.0142593           -0.901119
                5.17            0.014161           -0.901121
                5.18           0.0140625           -0.901123
                5.19           0.0139639           -0.901125
                 5.2           0.0138651           -0.901127
                5.21           0.0137662           -0.901128
                5.22           0.0136671            -0.90113
                5.23           0.0135678           -0.901132
                5.24           0.0134684           -0.901133
                5.25           0.0133689           -0.901134
                5.26           0.0132693           -0.901136
                5.27           0.0131696           -0.901137
                5.28           0.0130697           -0.901138
                5.29           0.0129698           -0.901139
                 5.3           0.0128697            -0.90114
                5.31           0.0127696           -0.901141
                5.32           0.0126694           -0.901142
                5.33           0.0125692           -0.901142
                5.34           0.0124689           -0.901143
                5.35           0.0123685           -0.901143
                5.36           0.0122681           -0.901144
                5.37           0.0121677           -0.901144
                5.38           0.0120673           -0.901144
                5.39           0.0119668           -0.901145
                 5.4           0.0118663           -0.901145
                5.41           0.0117658           -0.901145
                5.42           0.0116653           -0.901145
                5.43           0.0115649           -0.901144
                5.44           0.0114644           -0.901144
                5.45            0.011364           -0.901144
                5.46           0.0112636           -0.901143
                5.47           0.0111633           -0.901143
                5.48            0.011063           -0.901142
                5.49           0.0109627           -0.901141
                 5.5           0.0108626           -0.901141
                5.51           0.0107625            -0.90114
                5.52           0.0106625           -0.901139
                5.53           0.0105626           -0.901138
                5.54           0.0104628           -0.901136
                5.55           0.0103631           -0.901135
                5.56           0.0102635           -0.901134
                5.57            0.010164           -0.901133
                5.58           0.0100647           -0.901131
                5.59          0.00996547           -0.901129
                 5.6          0.00986642           -0.901128
                5.61          0.00976751           -0.901126
                5.62          0.00966877           -0.901124
                5.63           0.0095702           -0.901122
                5.64          0.00947181            -0.90112
                5.65          0.00937359           -0.901118
                5.66          0.00927557           -0.901116
                5.67          0.00917775           -0.901114
                5.68          0.00908014           -0.901111
                5.69          0.00898274           -0.901109
                 5.7          0.00888556           -0.901106
                5.71          0.00878861           -0.901104
                5.72           0.0086919           -0.901101
                5.73          0.00859543           -0.901098
                5.74          0.00849921           -0.901095
                5.75          0.00840326           -0.901093
                5.76          0.00830757           -0.901089
                5.77          0.00821215           -0.901086
                5.78          0.00811702           -0.901083
                5.79          0.00802218            -0.90108
                 5.8          0.00792763           -0.901077
                5.81          0.00783339           -0.901073
                5.82          0.00773945            -0.90107
                5.83          0.00764584           -0.901066
                5.84          0.00755255           -0.901062
                5.85           0.0074596           -0.901059
                5.86          0.00736699           -0.901055
                5.87          0.00727472           -0.901051
                5.88          0.00718281           -0.901047
                5.89          0.00709126           -0.901043
                 5.9          0.00700008           -0.901039
                5.91          0.00690927           -0.901034
                5.92          0.00681885            -0.90103
                5.93          0.00672882           -0.901026
                5.94          0.00663918           -0.901021
                5.95          0.00654995           -0.901016
                5.96          0.00646113           -0.901012
                5.97          0.00637273           -0.901007
                5.98          0.00628475           -0.901002
                5.99          0.00619721           -0.900997
                   6           0.0061101           -0.900993
                6.01          0.00602344           -0.900988
                6.02          0.00593722           -0.900982
                6.03          0.00585147           -0.900977
                6.04          0.00576618           -0.900972
                6.05          0.00568137           -0.900967
                6.06          0.00559703           -0.900961
                6.07          0.00551317           -0.900956
                6.08          0.00542981            -0.90095
                6.09          0.00534694           -0.900945
                 6.1          0.00526458           -0.900939
                6.11          0.00518273           -0.900933
                6.12           0.0051014           -0.900927
                6.13          0.00502059           -0.900922
                6.14           0.0049403           -0.900916
                6.15          0.00486056            -0.90091
                6.16          0.00478135           -0.900903
                6.17           0.0047027           -0.900897
                6.18          0.00462459           -0.900891
                6.19          0.00454705           -0.900885
                 6.2          0.00447007           -0.900878
                6.21          0.00439366           -0.900872
                6.22          0.00431783           -0.900865
                6.23          0.00424259           -0.900859
                6.24          0.00416793           -0.900852
                6.25          0.00409387           -0.900845
                6.26          0.00402041           -0.900839
                6.27          0.00394755           -0.900832
                6.28          0.00387531           -0.900825
                6.29          0.00380368           -0.900818
                 6.3          0.00373268           -0.900811
                6.31           0.0036623           -0.900804
                6.32          0.00359256           -0.900797
                6.33          0.00352346           -0.900789
                6.34            0.003455           -0.900782
                6.35          0.00338719           -0.900775
                6.36          0.00332004           -0.900767
                6.37          0.00325355            -0.90076
                6.38          0.00318772           -0.900752
                6.39          0.00312256           -0.900745
                 6.4          0.00305808           -0.900737
                6.41          0.00299427            -0.90073
                6.42          0.00293116           -0.900722
                6.43          0.00286873           -0.900714
                6.44          0.00280699           -0.900706
                6.45          0.00274596           -0.900698
                6.46          0.00268563            -0.90069
                6.47          0.00262601           -0.900682
                6.48           0.0025671           -0.900674
                6.49           0.0025089           -0.900666
                 6.5          0.00245143           -0.900658
                6.51          0.00239469            -0.90065
                6.52          0.00233868           -0.900641
                6.53           0.0022834           -0.900633
                6.54          0.00222886           -0.900625
                6.55          0.00217506           -0.900616
                6.56          0.00212202           -0.900608
                6.57          0.00206972           -0.900599
                6.58          0.00201818           -0.900591
                6.59          0.00196739           -0.900582
                 6.6          0.00191737           -0.900574
                6.61          0.00186812           -0.900565
                6.62          0.00181964           -0.900556
                6.63          0.00177193           -0.900548
                6.64            0.001725           -0.900539
                6.65          0.00167885            -0.90053
                6.66          0.00163349           -0.900521
                6.67          0.00158891           -0.900512
                6.68          0.00154513           -0.900503
                6.69          0.00150214           -0.900494
                 6.7          0.00145995           -0.900485
                6.71          0.00141856           -0.900476
                6.72          0.00137798           -0.900467
                6.73           0.0013382           -0.900458
                6.74          0.00129923           -0.900448
                6.75          0.00126108           -0.900439
                6.76          0.00122374            -0.90043
                6.77          0.00118722           -0.900421
                6.78          0.00115153           -0.900411
                6.79          0.00111665           -0.900402
                 6.8          0.00108261           -0.900393
                6.81           0.0010494           -0.900383
                6.82          0.00101701           -0.900374
                6.83         0.000985464           -0.900364
                6.84         0.000954752           -0.900355
                6.85         0.000924879           -0.900345
                6.86         0.000895848           -0.900336
                6.87          0.00086766           -0.900326
                6.88         0.000840318           -0.900316
                6.89         0.000813824           -0.900307
                 6.9         0.000788179           -0.900297
                6.91         0.000763385           -0.900288
                6.92         0.000739444           -0.900278
                6.93         0.000716359           -0.900268
                6.94          0.00069413           -0.900258
                6.95         0.000672759           -0.900249
                6.96         0.000652248           -0.900239
                6.97         0.000632599           -0.900229
                6.98         0.000613812           -0.900219
                6.99         0.000595889           -0.900209
                   7         0.000578832             -0.9002
                7.01         0.000562641            -0.90019
                7.02         0.000547318            -0.90018
                7.03         0.000532864            -0.90017
                7.04          0.00051928            -0.90016
                7.05         0.000506566            -0.90015
                7.06         0.000494724            -0.90014
                7.07         0.000483755            -0.90013
                7.08         0.000473659            -0.90012
                7.09         0.000464437            -0.90011
                 7.1         0.000456089             -0.9001
                7.11         0.000448617            -0.90009
                7.12          0.00044202            -0.90008
                7.13         0.000436299            -0.90007
                7.14         0.000431454            -0.90006
                7.15         0.000427486            -0.90005
                7.16         0.000424395            -0.90004
                7.17         0.000422181            -0.90003
                7.18         0.000420844            -0.90002
                7.19         0.000420385            -0.90001
                 7.2         0.000420802                -0.9
