TIMESTEP:    0.01
NPERIODS:    1
ALPHA:       0.01
PHI:         1
X0:          0
Z0:          -1
               TIME:                   X                   Z
                   0                   0                  -1
                0.01         1.30894e-06                  -1
                0.02         3.49026e-06                  -1
                0.03         6.54371e-06                  -1
                0.04          1.0469e-05                  -1
                0.05         1.52656e-05                  -1
                0.06         2.09333e-05                  -1
                0.07         2.74714e-05                  -1
                0.08         3.48794e-05                  -1
                0.09         4.31566e-05                  -1
                 0.1         5.23022e-05                  -1
                0.11         6.23157e-05                  -1
                0.12         7.31959e-05                  -1
                0.13         8.49422e-05                  -1
                0.14         9.75534e-05                  -1
                0.15         0.000111029                  -1
                0.16         0.000125367                  -1
                0.17         0.000140566                  -1
                0.18         0.000156626                  -1
                0.19         0.000173546                  -1
                 0.2         0.000191322                  -1
                0.21         0.000209956                  -1
                0.22         0.000229444                  -1
                0.23         0.000249785                  -1
                0.24         0.000270978                  -1
                0.25         0.000293021                  -1
                0.26         0.000315912                  -1
                0.27         0.000339649                  -1
                0.28         0.000364231                  -1
                0.29         0.000389656                  -1
                 0.3         0.000415921                  -1
                0.31         0.000443024                  -1
                0.32         0.000470964                  -1
                0.33         0.000499738                  -1
                0.34         0.000529344                  -1
                0.35          0.00055978                  -1
                0.36         0.000591042                  -1
                0.37          0.00062313                  -1
                0.38         0.000656039                  -1
                0.39         0.000689769                  -1
                 0.4         0.000724315                  -1
                0.41         0.000759676                  -1
                0.42         0.000795848                  -1
                0.43         0.000832829                  -1
                0.44         0.000870616                  -1
                0.45         0.000909206                  -1
                0.46         0.000948597                  -1
                0.47         0.000988784                  -1
                0.48          0.00102976                  -1
                0.49          0.00107154                  -1
                 0.5           0.0011141                  -1
                0.51          0.00115744                  -1
                0.52          0.00120156                  -1
                0.53          0.00124647                  -1
                0.54          0.00129214                  -1
                0.55          0.00133859                  -1
                0.56           0.0013858                  -1
                0.57          0.00143378                  -1
                0.58          0.00148251                  -1
                0.59          0.00153201                  -1
                 0.6          0.00158225                  -1
                0.61          0.00163324                  -1
                0.62          0.00168498                  -1
                0.63          0.00173746                  -1
                0.64          0.00179067                  -1
                0.65          0.00184462                  -1
                0.66          0.00189929                  -1
                0.67          0.00195469                  -1
                0.68          0.00201081                  -1
                0.69          0.00206764                  -1
                 0.7          0.00212518                  -1
                0.71          0.00218344                  -1
                0.72          0.00224239                  -1
                0.73          0.00230204                  -1
                0.74          0.00236239                  -1
                0.75          0.00242342                  -1
                0.76          0.00248514                  -1
                0.77          0.00254754                  -1
                0.78          0.00261061                  -1
                0.79          0.00267435                  -1
                 0.8          0.00273876                  -1
                0.81          0.00280382                  -1
                0.82          0.00286955                  -1
                0.83          0.00293592                  -1
                0.84          0.00300294                  -1
                0.85           0.0030706                  -1
                0.86          0.00313889                  -1
                0.87          0.00320781                  -1
                0.88          0.00327736                  -1
                0.89          0.00334753                  -1
                 0.9          0.00341831                  -1
                0.91           0.0034897                  -1
                0.92          0.00356169                  -1
                0.93          0.00363429                  -1
                0.94          0.00370747                  -1
                0.95          0.00378124                  -1
                0.96          0.00385559                  -1
                0.97          0.00393052                  -1
                0.98          0.00400602                  -1
                0.99          0.00408208                  -1
                   1          0.00415871                  -1
                1.01          0.00423588                  -1
                1.02           0.0043136                  -1
                1.03          0.00439187                  -1
                1.04          0.00447066                  -1
                1.05          0.00454999                  -1
                1.06          0.00462984                  -1
                1.07          0.00471021                  -1
                1.08          0.00479109                  -1
                1.09          0.00487248                  -1
                 1.1          0.00495436                  -1
                1.11          0.00503674                  -1
                1.12          0.00511961                  -1
                1.13          0.00520295                  -1
                1.14          0.00528677                  -1
                1.15          0.00537106                  -1
                1.16          0.00545581                  -1
                1.17          0.00554102                  -1
                1.18          0.00562668                  -1
                1.19          0.00571277                  -1
                 1.2          0.00579931                  -1
                1.21          0.00588627                  -1
                1.22          0.00597366                  -1
                1.23          0.00606146                  -1
                1.24          0.00614968                  -1
                1.25           0.0062383                  -1
                1.26          0.00632731                  -1
                1.27          0.00641672                  -1
                1.28           0.0065065                  -1
                1.29          0.00659667                  -1
                 1.3           0.0066872                  -1
                1.31           0.0067781                  -1
                1.32          0.00686936                  -1
                1.33          0.00696096                  -1
                1.34          0.00705291                  -1
                1.35           0.0071452                  -1
                1.36          0.00723781                  -1
                1.37          0.00733075                  -1
                1.38            0.007424                  -1
                1.39          0.00751756                  -1
                 1.4          0.00761142                  -1
                1.41          0.00770557                  -1
                1.42          0.00780001                  -1
                1.43          0.00789473                  -1
                1.44          0.00798973                  -1
                1.45          0.00808499                  -1
                1.46          0.00818051                  -1
                1.47          0.00827628                  -1
                1.48           0.0083723                  -1
                1.49          0.00846856                  -1
                 1.5          0.00856504                  -1
                1.51          0.00866175                  -1
                1.52          0.00875867                  -1
                1.53          0.00885581                  -1
                1.54          0.00895314                  -1
                1.55          0.00905067                  -1
                1.56          0.00914839                  -1
                1.57          0.00924628                  -1
                1.58          0.00934435                  -1
                1.59          0.00944258                  -1
                 1.6          0.00954097                  -1
                1.61          0.00963952                  -1
                1.62           0.0097382                  -1
                1.63          0.00983702                  -1
                1.64          0.00993597                  -1
                1.65            0.010035                  -1
                1.66           0.0101342                  -1
                1.67           0.0102335                  -1
                1.68           0.0103329                  -1
                1.69           0.0104324                  -1
                 1.7           0.0105319                  -1
                1.71           0.0106316                  -1
                1.72           0.0107313                  -1
                1.73           0.0108311                  -1
                1.74           0.0109309                  -1
                1.75           0.0110308                  -1
                1.76           0.0111307                  -1
                1.77           0.0112306                  -1
                1.78           0.0113306                  -1
                1.79           0.0114306                  -1
                 1.8           0.0115306                  -1
                1.81           0.0116306                  -1
                1.82           0.0117306                  -1
                1.83           0.0118306                  -1
                1.84           0.0119305                  -1
                1.85           0.0120305                  -1
                1.86           0.0121304                  -1
                1.87           0.0122302                  -1
                1.88             0.01233                  -1
                1.89           0.0124298                  -1
                 1.9           0.0125295                  -1
                1.91           0.0126291                  -1
                1.92           0.0127286                  -1
                1.93           0.0128281                  -1
                1.94           0.0129274                  -1
                1.95           0.0130267                  -1
                1.96           0.0131258                  -1
                1.97           0.0132248                  -1
                1.98           0.0133237                  -1
                1.99           0.0134225                  -1
                   2           0.0135211                  -1
                2.01           0.0136196                  -1
                2.02            0.013718                  -1
                2.03           0.0138161                  -1
                2.04           0.0139141                  -1
                2.05            0.014012                  -1
                2.06           0.0141096                  -1
                2.07           0.0142071                  -1
                2.08           0.0143043                  -1
                2.09           0.0144014                  -1
                 2.1           0.0144983                  -1
                2.11           0.0145949                  -1
                2.12           0.0146913                  -1
                2.13           0.0147875                  -1
                2.14           0.0148834                  -1
                2.15           0.0149791                  -1
                2.16           0.0150745                  -1
                2.17           0.0151697                  -1
                2.18           0.0152646                  -1
                2.19           0.0153592                  -1
                 2.2           0.0154535                  -1
                2.21           0.0155476                  -1
                2.22           0.0156413                  -1
                2.23           0.0157348                  -1
                2.24           0.0158279                  -1
                2.25           0.0159207                  -1
                2.26           0.0160132                  -1
                2.27           0.0161054                  -1
                2.28           0.0161972                  -1
                2.29           0.0162887                  -1
                 2.3           0.0163798                  -1
                2.31           0.0164706                  -1
                2.32            0.016561                  -1
                2.33            0.016651                  -1
                2.34           0.0167407                  -1
                2.35           0.0168299                  -1
                2.36           0.0169188                  -1
                2.37           0.0170073                  -1
                2.38           0.0170953                  -1
                2.39            0.017183                  -1
                 2.4           0.0172702                  -1
                2.41            0.017357                  -1
                2.42           0.0174434                  -1
                2.43           0.0175293                  -1
                2.44           0.0176148                  -1
                2.45           0.0176999                  -1
                2.46           0.0177845                  -1
                2.47           0.0178686                  -1
                2.48           0.0179522                  -1
                2.49           0.0180354                  -1
                 2.5           0.0181181                  -1
                2.51           0.0182003                  -1
                2.52            0.018282                  -1
                2.53           0.0183632                  -1
                2.54           0.0184439                  -1
                2.55           0.0185241                  -1
                2.56           0.0186038                  -1
                2.57           0.0186829                  -1
                2.58           0.0187615                  -1
                2.59           0.0188396                  -1
                 2.6           0.0189171                  -1
                2.61           0.0189941                  -1
                2.62           0.0190705                  -1
                2.63           0.0191463                  -1
                2.64           0.0192216                  -1
                2.65           0.0192964                  -1
                2.66           0.0193705                  -1
                2.67           0.0194441                  -1
                2.68            0.019517                  -1
                2.69           0.0195894                  -1
                 2.7           0.0196612                  -1
                2.71           0.0197323                  -1
                2.72           0.0198029                  -1
                2.73           0.0198729                  -1
                2.74           0.0199422                  -1
                2.75           0.0200109                  -1
                2.76           0.0200789                  -1
                2.77           0.0201464                  -1
                2.78           0.0202131                  -1
                2.79           0.0202793                  -1
                 2.8           0.0203448                  -1
                2.81           0.0204096                  -1
                2.82           0.0204738                  -1
                2.83           0.0205373                  -1
                2.84           0.0206001                  -1
                2.85           0.0206622                  -1
                2.86           0.0207237                  -1
                2.87           0.0207845                  -1
                2.88           0.0208446                  -1
                2.89            0.020904                  -1
                 2.9           0.0209627                  -1
                2.91           0.0210207                  -1
                2.92            0.021078                  -1
                2.93           0.0211346                  -1
                2.94           0.0211904                  -1
                2.95           0.0212455                  -1
                2.96              0.0213                  -1
                2.97           0.0213536                  -1
                2.98           0.0214066                  -1
                2.99           0.0214588                  -1
                   3           0.0215103                  -1
                3.01            0.021561                  -1
                3.02            0.021611                  -1
                3.03           0.0216602                  -1
                3.04           0.0217086                  -1
                3.05           0.0217563                  -1
                3.06           0.0218033                  -1
                3.07           0.0218494                  -1
                3.08           0.0218948                  -1
                3.09           0.0219395                  -1
                 3.1           0.0219833                  -1
                3.11           0.0220264                  -1
                3.12           0.0220686                  -1
                3.13           0.0221101                  -1
                3.14           0.0221508                  -1
                3.15           0.0221907                  -1
                3.16           0.0222298                  -1
                3.17           0.0222681                  -1
                3.18           0.0223056                  -1
                3.19           0.0223423                  -1
                 3.2           0.0223782                  -1
                3.21           0.0224132                  -1
                3.22           0.0224475                  -1
                3.23           0.0224809                  -1
                3.24           0.0225135                  -1
                3.25           0.0225453                  -1
                3.26           0.0225763                  -1
                3.27           0.0226064                  -1
                3.28           0.0226357                  -1
                3.29           0.0226642                  -1
                 3.3           0.0226918                  -1
                3.31           0.0227186                  -1
                3.32           0.0227446                  -1
                3.33           0.0227697                  -1
                3.34            0.022794                  -1
                3.35           0.0228174                  -1
                3.36             0.02284                  -1
                3.37           0.0228618                  -1
                3.38           0.0228826                  -1
                3.39           0.0229027                  -1
                 3.4           0.0229218                  -1
                3.41           0.0229402                  -1
                3.42           0.0229576                  -1
                3.43           0.0229742                  -1
                3.44             0.02299                  -1
                3.45           0.0230049                  -1
                3.46           0.0230189                  -1
                3.47           0.0230321                  -1
                3.48           0.0230444                  -1
                3.49           0.0230558                  -1
                 3.5           0.0230664                  -1
                3.51           0.0230761                  -1
                3.52           0.0230849                  -1
                3.53           0.0230929                  -1
                3.54              0.0231                  -1
                3.55           0.0231062                  -1
                3.56           0.0231115                  -1
                3.57            0.023116                  -1
                3.58           0.0231196                  -1
                3.59           0.0231224                  -1
                 3.6           0.0231242                  -1
                3.61           0.0231252                  -1
                3.62           0.0231253                  -1
                3.63           0.0231246                  -1
                3.64            0.023123                  -1
                3.65           0.0231205                  -1
                3.66           0.0231171                  -1
                3.67           0.0231128                  -1
                3.68           0.0231077                  -1
                3.69           0.0231017                  -1
                 3.7           0.0230949                  -1
                3.71           0.0230872                  -1
                3.72           0.0230786                  -1
                3.73           0.0230691                  -1
                3.74           0.0230587                  -1
                3.75           0.0230475                  -1
                3.76           0.0230355                  -1
                3.77           0.0230225                  -1
                3.78           0.0230087                  -1
                3.79            0.022994                  -1
                 3.8           0.0229785                  -1
                3.81           0.0229621                  -1
                3.82           0.0229448                  -1
                3.83           0.0229267                  -1
                3.84           0.0229077                  -1
                3.85           0.0228879                  -1
                3.86           0.0228672                  -1
                3.87           0.0228456                  -1
                3.88           0.0228232                  -1
                3.89              0.0228                  -1
                 3.9           0.0227759                  -1
                3.91           0.0227509                  -1
                3.92           0.0227251                  -1
                3.93           0.0226984                  -1
                3.94            0.022671                  -1
                3.95           0.0226426                  -1
                3.96           0.0226135                  -1
                3.97           0.0225834                  -1
                3.98           0.0225526                  -1
                3.99           0.0225209                  -1
                   4           0.0224884                  -1
                4.01           0.0224551                  -1
                4.02           0.0224209                  -1
                4.03            0.022386                  -1
                4.04           0.0223502                  -1
                4.05           0.0223136                  -1
                4.06           0.0222761                  -1
                4.07           0.0222379                  -1
                4.08           0.0221988                  -1
                4.09            0.022159                  -1
                 4.1           0.0221183                  -1
                4.11           0.0220769                  -1
                4.12           0.0220346                  -1
                4.13           0.0219916                  -1
                4.14           0.0219478                  -1
                4.15           0.0219031                  -1
                4.16           0.0218577                  -1
                4.17           0.0218115                  -1
                4.18           0.0217646                  -1
                4.19           0.0217169                  -1
                 4.2           0.0216684                  -1
                4.21           0.0216191                  -1
                4.22           0.0215691                  -1
                4.23           0.0215183                  -1
                4.24           0.0214667                  -1
                4.25           0.0214144                  -1
                4.26           0.0213614                  -1
                4.27           0.0213076                  -1
                4.28           0.0212531                  -1
                4.29           0.0211978                  -1
                 4.3           0.0211419                  -1
                4.31           0.0210851                  -1
                4.32           0.0210277                  -1
                4.33           0.0209696                  -1
                4.34           0.0209107                  -1
                4.35           0.0208511                  -1
                4.36           0.0207909                  -1
                4.37           0.0207299                  -1
                4.38           0.0206682                  -1
                4.39           0.0206059                  -1
                 4.4           0.0205428                  -1
                4.41           0.0204791                  -1
                4.42           0.0204147                  -1
                4.43           0.0203497                  -1
                4.44           0.0202839                  -1
                4.45           0.0202176                  -1
                4.46           0.0201505                  -1
                4.47           0.0200828                  -1
                4.48           0.0200145                  -1
                4.49           0.0199455                  -1
                 4.5           0.0198759                  -1
                4.51           0.0198056                  -1
                4.52           0.0197348                  -1
                4.53           0.0196633                  -1
                4.54           0.0195912                  -1
                4.55           0.0195185                  -1
                4.56           0.0194452                  -1
                4.57           0.0193713                  -1
                4.58           0.0192968                  -1
                4.59           0.0192217                  -1
                 4.6           0.0191461                  -1
                4.61           0.0190699                  -1
                4.62           0.0189931                  -1
                4.63           0.0189157                  -1
                4.64           0.0188378                  -1
                4.65           0.0187594                  -1
                4.66           0.0186804                  -1
                4.67           0.0186008                  -1
                4.68           0.0185208                  -1
                4.69           0.0184402                  -1
                 4.7           0.0183591                  -1
                4.71           0.0182774                  -1
                4.72           0.0181953                  -1
                4.73           0.0181127                  -1
                4.74           0.0180296                  -1
                4.75            0.017946                  -1
                4.76           0.0178619                  -1
                4.77           0.0177773                  -1
                4.78           0.0176923                  -1
                4.79           0.0176068                  -1
                 4.8           0.0175208                  -1
                4.81           0.0174345                  -1
                4.82           0.0173476                  -1
                4.83           0.0172604                  -1
                4.84           0.0171727                  -1
                4.85           0.0170846                  -1
                4.86            0.016996                  -1
                4.87           0.0169071                  -1
                4.88           0.0168178                  -1
                4.89           0.0167281                  -1
                 4.9           0.0166379                  -1
                4.91           0.0165475                  -1
                4.92           0.0164566                  -1
                4.93           0.0163654                  -1
                4.94           0.0162738                  -1
                4.95           0.0161819                  -1
                4.96           0.0160896                  -1
                4.97            0.015997                  -1
                4.98            0.015904                  -1
                4.99           0.0158108                  -1
                   5           0.0157172                  -1
                5.01           0.0156233                  -1
                5.02           0.0155291                  -1
                5.03           0.0154346                  -1
                5.04           0.0153399                  -1
                5.05           0.0152448                  -1
                5.06           0.0151495                  -1
                5.07           0.0150539                  -1
                5.08           0.0149581                  -1
                5.09            0.014862                  -1
                 5.1           0.0147657                  -1
                5.11           0.0146692                  -1
                5.12           0.0145724                  -1
                5.13           0.0144754                  -1
                5.14           0.0143782                  -1
                5.15           0.0142808                  -1
                5.16           0.0141832                  -1
                5.17           0.0140854                  -1
                5.18           0.0139874                  -1
                5.19           0.0138892                  -1
                 5.2           0.0137909                  -1
                5.21           0.0136924                  -1
                5.22           0.0135938                  -1
                5.23           0.0134951                  -1
                5.24           0.0133962                  -1
                5.25           0.0132971                  -1
                5.26            0.013198                  -1
                5.27           0.0130987                  -1
                5.28           0.0129994                  -1
                5.29           0.0128999                  -1
                 5.3           0.0128004                  -1
                5.31           0.0127008                  -1
                5.32           0.0126011                  -1
                5.33           0.0125013                  -1
                5.34           0.0124015                  -1
                5.35           0.0123016                  -1
                5.36           0.0122017                  -1
                5.37           0.0121018                  -1
                5.38           0.0120018                  -1
                5.39           0.0119018                  -1
                 5.4           0.0118018                  -1
                5.41           0.0117018                  -1
                5.42           0.0116018                  -1
                5.43           0.0115018                  -1
                5.44           0.0114019                  -1
                5.45           0.0113019                  -1
                5.46            0.011202                  -1
                5.47           0.0111022                  -1
                5.48           0.0110024                  -1
                5.49           0.0109027                  -1
                 5.5            0.010803                  -1
                5.51           0.0107034                  -1
                5.52           0.0106039                  -1
                5.53           0.0105044                  -1
                5.54           0.0104051                  -1
                5.55           0.0103059                  -1
                5.56           0.0102068                  -1
                5.57           0.0101078                  -1
                5.58            0.010009                  -1
                5.59          0.00991025                  -1
                 5.6          0.00981168                  -1
                5.61          0.00971326                  -1
                5.62            0.009615                  -1
                5.63          0.00951691                  -1
                5.64          0.00941899                  -1
                5.65          0.00932126                  -1
                5.66          0.00922372                  -1
                5.67          0.00912637                  -1
                5.68          0.00902923                  -1
                5.69          0.00893231                  -1
                 5.7           0.0088356                  -1
                5.71          0.00873913                  -1
                5.72          0.00864289                  -1
                5.73          0.00854689                  -1
                5.74          0.00845115                  -1
                5.75          0.00835566                  -1
                5.76          0.00826044                  -1
                5.77          0.00816549                  -1
                5.78          0.00807082                  -1
                5.79          0.00797644                  -1
                 5.8          0.00788236                  -1
                5.81          0.00778858                  -1
                5.82           0.0076951                  -1
                5.83          0.00760195                  -1
                5.84          0.00750912                  -1
                5.85          0.00741662                  -1
                5.86          0.00732446                  -1
                5.87          0.00723264                  -1
                5.88          0.00714118                  -1
                5.89          0.00705008                  -1
                 5.9          0.00695934                  -1
                5.91          0.00686898                  -1
                5.92            0.006779                  -1
                5.93          0.00668941                  -1
                5.94          0.00660022                  -1
                5.95          0.00651142                  -1
                5.96          0.00642304                  -1
                5.97          0.00633507                  -1
                5.98          0.00624752                  -1
                5.99          0.00616041                  -1
                   6          0.00607373                  -1
                6.01          0.00598749                  -1
                6.02           0.0059017                  -1
                6.03          0.00581637                  -1
                6.04           0.0057315                  -1
                6.05          0.00564709                  -1
                6.06          0.00556317                  -1
                6.07          0.00547973                  -1
                6.08          0.00539677                  -1
                6.09          0.00531432                  -1
                 6.1          0.00523236                  -1
                6.11          0.00515091                  -1
                6.12          0.00506997                  -1
                6.13          0.00498956                  -1
                6.14          0.00490967                  -1
                6.15          0.00483032                  -1
                6.16           0.0047515                  -1
                6.17          0.00467323                  -1
                6.18          0.00459551                  -1
                6.19          0.00451835                  -1
                 6.2          0.00444175                  -1
                6.21          0.00436572                  -1
                6.22          0.00429026                  -1
                6.23          0.00421538                  -1
                6.24          0.00414109                  -1
                6.25          0.00406739                  -1
                6.26          0.00399429                  -1
                6.27           0.0039218                  -1
                6.28          0.00384991                  -1
                6.29          0.00377864                  -1
                 6.3          0.00370798                  -1
                6.31          0.00363795                  -1
                6.32          0.00356856                  -1
                6.33           0.0034998                  -1
                6.34          0.00343167                  -1
                6.35           0.0033642                  -1
                6.36          0.00329738                  -1
                6.37          0.00323121                  -1
                6.38          0.00316571                  -1
                6.39          0.00310087                  -1
                 6.4          0.00303671                  -1
                6.41          0.00297322                  -1
                6.42          0.00291041                  -1
                6.43          0.00284829                  -1
                6.44          0.00278686                  -1
                6.45          0.00272613                  -1
                6.46           0.0026661                  -1
                6.47          0.00260677                  -1
                6.48          0.00254815                  -1
                6.49          0.00249024                  -1
                 6.5          0.00243306                  -1
                6.51           0.0023766                  -1
                6.52          0.00232086                  -1
                6.53          0.00226585                  -1
                6.54          0.00221158                  -1
                6.55          0.00215805                  -1
                6.56          0.00210527                  -1
                6.57          0.00205323                  -1
                6.58          0.00200194                  -1
                6.59          0.00195141                  -1
                 6.6          0.00190164                  -1
                6.61          0.00185263                  -1
                6.62          0.00180439                  -1
                6.63          0.00175692                  -1
                6.64          0.00171022                  -1
                6.65           0.0016643                  -1
                6.66          0.00161916                  -1
                6.67          0.00157481                  -1
                6.68          0.00153124                  -1
                6.69          0.00148846                  -1
                 6.7          0.00144648                  -1
                6.71           0.0014053                  -1
                6.72          0.00136491                  -1
                6.73          0.00132533                  -1
                6.74          0.00128656                  -1
                6.75           0.0012486                  -1
                6.76          0.00121145                  -1
                6.77          0.00117511                  -1
                6.78          0.00113959                  -1
                6.79          0.00110489                  -1
                 6.8          0.00107102                  -1
                6.81          0.00103797                  -1
                6.82          0.00100574                  -1
                6.83         0.000974353                  -1
                6.84         0.000943795                  -1
                6.85         0.000914071                  -1
                6.86         0.000885184                  -1
                6.87         0.000857137                  -1
                6.88         0.000829931                  -1
                6.89         0.000803568                  -1
                 6.9         0.000778051                  -1
                6.91         0.000753381                  -1
                6.92          0.00072956                  -1
                6.93          0.00070659                  -1
                6.94         0.000684472                  -1
                6.95         0.000663208                  -1
                6.96           0.0006428                  -1
                6.97         0.000623249                  -1
                6.98         0.000604556                  -1
                6.99         0.000586723                  -1
                   7         0.000569751                  -1
                7.01         0.000553642                  -1
                7.02         0.000538395                  -1
                7.03         0.000524014                  -1
                7.04         0.000510498                  -1
                7.05         0.000497848                  -1
                7.06         0.000486066                  -1
                7.07         0.000475152                  -1
                7.08         0.000465107                  -1
                7.09         0.000455931                  -1
                 7.1         0.000447626                  -1
                7.11         0.000440192                  -1
                7.12         0.000433628                  -1
                7.13         0.000427937                  -1
                7.14         0.000423117                  -1
                7.15          0.00041917                  -1
                7.16         0.000416095                  -1
                7.17         0.000413893                  -1
                7.18         0.000412563                  -1
                7.19         0.000412107                  -1
                 7.2         0.000412523                  -1
