TIMESTEP:    0.01
NPERIODS:    1
ALPHA:       0.1
PHI:         1
X0:          0
Z0:          0
               TIME:                   X                   Z
                   0                   0                   0
                0.01         2.01951e-05            0.001176
                0.02         5.38491e-05          0.00235365
                0.03         0.000100963          0.00353284
                0.04         0.000161536          0.00471351
                0.05         0.000235568          0.00589556
                0.06         0.000323057           0.0070789
                0.07         0.000423999          0.00826346
                0.08         0.000538391          0.00944914
                0.09         0.000666227           0.0106359
                 0.1         0.000807503           0.0118235
                0.11         0.000962211           0.0130121
                0.12          0.00113034           0.0142014
                0.13          0.00131189           0.0153914
                0.14          0.00150685           0.0165821
                0.15           0.0017152           0.0177732
                0.16          0.00193694           0.0189648
                0.17          0.00217205           0.0201568
                0.18          0.00242052            0.021349
                0.19          0.00268233           0.0225414
                 0.2          0.00295748           0.0237339
                0.21          0.00324594           0.0249264
                0.22          0.00354769           0.0261188
                0.23          0.00386273            0.027311
                0.24          0.00419103           0.0285031
                0.25          0.00453258           0.0296947
                0.26          0.00488734            0.030886
                0.27          0.00525531           0.0320767
                0.28          0.00563646           0.0332668
                0.29          0.00603076           0.0344563
                 0.3           0.0064382            0.035645
                0.31          0.00685874           0.0368328
                0.32          0.00729237           0.0380197
                0.33          0.00773906           0.0392056
                0.34          0.00819877           0.0403904
                0.35          0.00867149            0.041574
                0.36          0.00915718           0.0427563
                0.37          0.00965582           0.0439372
                0.38           0.0101674           0.0451167
                0.39           0.0106918           0.0462947
                 0.4           0.0112291            0.047471
                0.41           0.0117792           0.0486456
                0.42           0.0123421           0.0498185
                0.43           0.0129177           0.0509894
                0.44           0.0135061           0.0521584
                0.45           0.0141071           0.0533254
                0.46           0.0147208           0.0544902
                0.47           0.0153471           0.0556529
                0.48           0.0159859           0.0568132
                0.49           0.0166373           0.0579712
                 0.5           0.0173012           0.0591266
                0.51           0.0179775           0.0602796
                0.52           0.0186662           0.0614299
                0.53           0.0193673           0.0625776
                0.54           0.0200807           0.0637224
                0.55           0.0208064           0.0648643
                0.56           0.0215444           0.0660033
                0.57           0.0222945           0.0671393
                0.58           0.0230567           0.0682721
                0.59           0.0238311           0.0694018
                 0.6           0.0246175           0.0705281
                0.61            0.025416           0.0716511
                0.62           0.0262263           0.0727707
                0.63           0.0270486           0.0738867
                0.64           0.0278828           0.0749991
                0.65           0.0287287           0.0761079
                0.66           0.0295864           0.0772128
                0.67           0.0304558            0.078314
                0.68           0.0313369           0.0794112
                0.69           0.0322296           0.0805044
                 0.7           0.0331338           0.0815935
                0.71           0.0340495           0.0826785
                0.72           0.0349766           0.0837592
                0.73           0.0359151           0.0848356
                0.74           0.0368649           0.0859076
                0.75            0.037826           0.0869752
                0.76           0.0387984           0.0880382
                0.77           0.0397818           0.0890966
                0.78           0.0407764           0.0901503
                0.79           0.0417819           0.0911993
                 0.8           0.0427985           0.0922434
                0.81           0.0438259           0.0932825
                0.82           0.0448643           0.0943167
                0.83           0.0459134           0.0953458
                0.84           0.0469732           0.0963697
                0.85           0.0480437           0.0973885
                0.86           0.0491247           0.0984019
                0.87           0.0502164             0.09941
                0.88           0.0513184            0.100413
                0.89           0.0524309             0.10141
                 0.9           0.0535537            0.102401
                0.91           0.0546868            0.103387
                0.92           0.0558301            0.104368
                0.93           0.0569835            0.105342
                0.94            0.058147             0.10631
                0.95           0.0593205            0.107273
                0.96           0.0605039             0.10823
                0.97           0.0616972             0.10918
                0.98           0.0629003            0.110125
                0.99           0.0641131            0.111063
                   1           0.0653355            0.111995
                1.01           0.0665675            0.112921
                1.02            0.067809             0.11384
                1.03           0.0690599            0.114752
                1.04           0.0703202            0.115659
                1.05           0.0715897            0.116558
                1.06           0.0728685            0.117451
                1.07           0.0741564            0.118338
                1.08           0.0754533            0.119217
                1.09           0.0767593             0.12009
                 1.1           0.0780741            0.120955
                1.11           0.0793977            0.121814
                1.12           0.0807301            0.122666
                1.13           0.0820712             0.12351
                1.14           0.0834209            0.124348
                1.15            0.084779            0.125178
                1.16           0.0861456            0.126001
                1.17           0.0875206            0.126816
                1.18           0.0889038            0.127625
                1.19           0.0902952            0.128425
                 1.2           0.0916948            0.129219
                1.21           0.0931023            0.130004
                1.22           0.0945178            0.130782
                1.23           0.0959412            0.131553
                1.24           0.0973724            0.132315
                1.25           0.0988112             0.13307
                1.26            0.100258            0.133817
                1.27            0.101712            0.134556
                1.28            0.103173            0.135288
                1.29            0.104642            0.136011
                 1.3            0.106118            0.136726
                1.31            0.107601            0.137433
                1.32            0.109092            0.138132
                1.33            0.110589            0.138822
                1.34            0.112093            0.139505
                1.35            0.113605            0.140179
                1.36            0.115123            0.140845
                1.37            0.116647            0.141502
                1.38            0.118178            0.142151
                1.39            0.119716            0.142792
                 1.4             0.12126            0.143424
                1.41            0.122811            0.144047
                1.42            0.124367            0.144662
                1.43             0.12593            0.145268
                1.44            0.127499            0.145865
                1.45            0.129074            0.146454
                1.46            0.130654            0.147034
                1.47            0.132241            0.147605
                1.48            0.133833            0.148167
                1.49            0.135431             0.14872
                 1.5            0.137034            0.149264
                1.51            0.138643            0.149799
                1.52            0.140256            0.150326
                1.53            0.141876            0.150843
                1.54              0.1435            0.151351
                1.55            0.145129             0.15185
                1.56            0.146764            0.152339
                1.57            0.148403             0.15282
                1.58            0.150047            0.153291
                1.59            0.151695            0.153753
                 1.6            0.153348            0.154206
                1.61            0.155006            0.154649
                1.62            0.156668            0.155083
                1.63            0.158334            0.155508
                1.64            0.160005            0.155923
                1.65            0.161679            0.156329
                1.66            0.163358            0.156725
                1.67             0.16504            0.157111
                1.68            0.166727            0.157489
                1.69            0.168417            0.157856
                 1.7             0.17011            0.158214
                1.71            0.171807            0.158562
                1.72            0.173508            0.158901
                1.73            0.175212             0.15923
                1.74            0.176919            0.159549
                1.75            0.178629            0.159859
                1.76            0.180342            0.160158
                1.77            0.182058            0.160448
                1.78            0.183777            0.160729
                1.79            0.185499            0.160999
                 1.8            0.187224             0.16126
                1.81             0.18895             0.16151
                1.82             0.19068            0.161751
                1.83            0.192412            0.161982
                1.84            0.194146            0.162203
                1.85            0.195882            0.162415
                1.86             0.19762            0.162616
                1.87             0.19936            0.162807
                1.88            0.201102            0.162989
                1.89            0.202846             0.16316
                 1.9            0.204591            0.163321
                1.91            0.206338            0.163473
                1.92            0.208086            0.163614
                1.93            0.209836            0.163746
                1.94            0.211587            0.163867
                1.95            0.213339            0.163978
                1.96            0.215092             0.16408
                1.97            0.216846            0.164171
                1.98            0.218601            0.164252
                1.99            0.220357            0.164324
                   2            0.222114            0.164385
                2.01            0.223871            0.164436
                2.02            0.225628            0.164477
                2.03            0.227386            0.164508
                2.04            0.229144            0.164528
                2.05            0.230902            0.164539
                2.06             0.23266             0.16454
                2.07            0.234419             0.16453
                2.08            0.236177            0.164511
                2.09            0.237934            0.164481
                 2.1            0.239692            0.164442
                2.11            0.241449            0.164392
                2.12            0.243205            0.164332
                2.13            0.244961            0.164262
                2.14            0.246716            0.164183
                2.15            0.248471            0.164093
                2.16            0.250224            0.163993
                2.17            0.251976            0.163883
                2.18            0.253727            0.163763
                2.19            0.255477            0.163632
                 2.2            0.257226            0.163492
                2.21            0.258973            0.163342
                2.22            0.260719            0.163182
                2.23            0.262462            0.163012
                2.24            0.264205            0.162832
                2.25            0.265945            0.162642
                2.26            0.267683            0.162442
                2.27             0.26942            0.162232
                2.28            0.271154            0.162012
                2.29            0.272886            0.161783
                 2.3            0.274616            0.161543
                2.31            0.276343            0.161294
                2.32            0.278068            0.161034
                2.33             0.27979            0.160765
                2.34            0.281509            0.160486
                2.35            0.283226            0.160198
                2.36             0.28494            0.159899
                2.37             0.28665            0.159591
                2.38            0.288358            0.159273
                2.39            0.290062            0.158945
                 2.4            0.291763            0.158608
                2.41            0.293461            0.158261
                2.42            0.295155            0.157904
                2.43            0.296845            0.157538
                2.44            0.298532            0.157162
                2.45            0.300215            0.156777
                2.46            0.301894            0.156382
                2.47            0.303569            0.155978
                2.48             0.30524            0.155564
                2.49            0.306907            0.155141
                 2.5            0.308569            0.154708
                2.51            0.310228            0.154266
                2.52            0.311881            0.153814
                2.53            0.313531            0.153354
                2.54            0.315175            0.152883
                2.55            0.316815            0.152404
                2.56             0.31845            0.151916
                2.57             0.32008            0.151418
                2.58            0.321705            0.150911
                2.59            0.323325            0.150395
                 2.6            0.324939             0.14987
                2.61            0.326549            0.149336
                2.62            0.328153            0.148793
                2.63            0.329751            0.148241
                2.64            0.331344             0.14768
                2.65            0.332931             0.14711
                2.66            0.334513            0.146532
                2.67            0.336088            0.145944
                2.68            0.337658            0.145348
                2.69            0.339221            0.144743
                 2.7            0.340779             0.14413
                2.71             0.34233            0.143507
                2.72            0.343875            0.142877
                2.73            0.345414            0.142237
                2.74            0.346946            0.141589
                2.75            0.348471            0.140933
                2.76             0.34999            0.140268
                2.77            0.351502            0.139595
                2.78            0.353008            0.138914
                2.79            0.354506            0.138224
                 2.8            0.355997            0.137527
                2.81            0.357481            0.136821
                2.82            0.358958            0.136107
                2.83            0.360428            0.135385
                2.84            0.361891            0.134654
                2.85            0.363346            0.133916
                2.86            0.364793             0.13317
                2.87            0.366233            0.132417
                2.88            0.367665            0.131655
                2.89             0.36909            0.130886
                 2.9            0.370506            0.130109
                2.91            0.371915            0.129324
                2.92            0.373315            0.128532
                2.93            0.374708            0.127732
                2.94            0.376092            0.126925
                2.95            0.377468             0.12611
                2.96            0.378836            0.125288
                2.97            0.380195            0.124459
                2.98            0.381546            0.123622
                2.99            0.382888            0.122779
                   3            0.384222            0.121928
                3.01            0.385547             0.12107
                3.02            0.386863            0.120206
                3.03             0.38817            0.119334
                3.04            0.389468            0.118455
                3.05            0.390757             0.11757
                3.06            0.392037            0.116678
                3.07            0.393308            0.115779
                3.08            0.394569            0.114874
                3.09            0.395822            0.113962
                 3.1            0.397064            0.113044
                3.11            0.398298            0.112119
                3.12            0.399521            0.111188
                3.13            0.400735             0.11025
                3.14             0.40194            0.109307
                3.15            0.403134            0.108357
                3.16            0.404319            0.107401
                3.17            0.405494            0.106439
                3.18            0.406659            0.105472
                3.19            0.407814            0.104498
                 3.2            0.408958            0.103519
                3.21            0.410093            0.102533
                3.22            0.411217            0.101543
                3.23            0.412331            0.100546
                3.24            0.413434           0.0995442
                3.25            0.414527           0.0985368
                3.26             0.41561           0.0975241
                3.27            0.416682           0.0965061
                3.28            0.417743           0.0954828
                3.29            0.418793           0.0944544
                 3.3            0.419833           0.0934209
                3.31            0.420862           0.0923824
                3.32             0.42188           0.0913389
                3.33            0.422887           0.0902907
                3.34            0.423883           0.0892376
                3.35            0.424868           0.0881798
                3.36            0.425842           0.0871174
                3.37            0.426804           0.0860504
                3.38            0.427756            0.084979
                3.39            0.428696           0.0839032
                 3.4            0.429625            0.082823
                3.41            0.430542           0.0817386
                3.42            0.431447             0.08065
                3.43            0.432342           0.0795573
                3.44            0.433224           0.0784607
                3.45            0.434095           0.0773601
                3.46            0.434955           0.0762556
                3.47            0.435802           0.0751474
                3.48            0.436638           0.0740354
                3.49            0.437462           0.0729199
                 3.5            0.438274           0.0718008
                3.51            0.439074           0.0706782
                3.52            0.439862           0.0695523
                3.53            0.440638           0.0684231
                3.54            0.441402           0.0672907
                3.55            0.442153           0.0661552
                3.56            0.442893           0.0650166
                3.57             0.44362            0.063875
                3.58            0.444335           0.0627306
                3.59            0.445038           0.0615833
                 3.6            0.445728           0.0604333
                3.61            0.446406           0.0592807
                3.62            0.447072           0.0581256
                3.63            0.447725           0.0569679
                3.64            0.448365           0.0558079
                3.65            0.448993           0.0546456
                3.66            0.449609            0.053481
                3.67            0.450212           0.0523143
                3.68            0.450802           0.0511456
                3.69            0.451379           0.0499749
                 3.7            0.451943           0.0488023
                3.71            0.452495           0.0476279
                3.72            0.453034           0.0464518
                3.73             0.45356           0.0452741
                3.74            0.454074           0.0440948
                3.75            0.454574            0.042914
                3.76            0.455062           0.0417319
                3.77            0.455536           0.0405485
                3.78            0.455997           0.0393639
                3.79            0.456446           0.0381781
                 3.8            0.456881           0.0369914
                3.81            0.457304           0.0358036
                3.82            0.457713            0.034615
                3.83            0.458109           0.0334257
                3.84            0.458492           0.0322356
                3.85            0.458861            0.031045
                3.86            0.459218           0.0298538
                3.87            0.459561           0.0286622
                3.88            0.459891           0.0274702
                3.89            0.460208            0.026278
                 3.9            0.460512           0.0250856
                3.91            0.460802           0.0238931
                3.92            0.461079           0.0227006
                3.93            0.461342           0.0215082
                3.94            0.461593           0.0203159
                3.95             0.46183           0.0191239
                3.96            0.462053           0.0179323
                3.97            0.462263           0.0167411
                3.98             0.46246           0.0155504
                3.99            0.462643           0.0143602
                   4            0.462813           0.0131708
                4.01             0.46297           0.0119822
                4.02            0.463113           0.0107944
                4.03            0.463242          0.00960751
                4.04            0.463359          0.00842169
                4.05            0.463461          0.00723698
                4.06            0.463551          0.00605346
                4.07            0.463626          0.00487124
                4.08            0.463689          0.00369038
                4.09            0.463738          0.00251099
                 4.1            0.463773          0.00133313
                4.11            0.463795         0.000156904
                4.12            0.463804         -0.00101761
                4.13            0.463799         -0.00219033
                4.14             0.46378         -0.00336116
                4.15            0.463749         -0.00453003
                4.16            0.463703         -0.00569685
                4.17            0.463645         -0.00686153
                4.18            0.463573         -0.00802399
                4.19            0.463487         -0.00918414
                 4.2            0.463388          -0.0103419
                4.21            0.463276          -0.0114972
                4.22             0.46315          -0.0126499
                4.23            0.463011             -0.0138
                4.24            0.462858          -0.0149474
                4.25            0.462693           -0.016092
                4.26            0.462513          -0.0172336
                4.27            0.462321          -0.0183723
                4.28            0.462115           -0.019508
                4.29            0.461896          -0.0206405
                 4.3            0.461664          -0.0217698
                4.31            0.461418          -0.0228958
                4.32             0.46116          -0.0240184
                4.33            0.460888          -0.0251375
                4.34            0.460603          -0.0262531
                4.35            0.460304          -0.0273651
                4.36            0.459993          -0.0284733
                4.37            0.459669          -0.0295778
                4.38            0.459331          -0.0306784
                4.39            0.458981          -0.0317751
                 4.4            0.458617          -0.0328677
                4.41            0.458241          -0.0339562
                4.42            0.457851          -0.0350405
                4.43            0.457449          -0.0361206
                4.44            0.457033          -0.0371963
                4.45            0.456605          -0.0382676
                4.46            0.456165          -0.0393344
                4.47            0.455711          -0.0403966
                4.48            0.455245          -0.0414542
                4.49            0.454766          -0.0425071
                 4.5            0.454274          -0.0435551
                4.51             0.45377          -0.0445982
                4.52            0.453253          -0.0456364
                4.53            0.452723          -0.0466696
                4.54            0.452182          -0.0476976
                4.55            0.451627          -0.0487205
                4.56            0.451061          -0.0497381
                4.57            0.450482          -0.0507503
                4.58            0.449891          -0.0517572
                4.59            0.449287          -0.0527586
                 4.6            0.448672          -0.0537544
                4.61            0.448044          -0.0547446
                4.62            0.447404          -0.0557291
                4.63            0.446752          -0.0567078
                4.64            0.446088          -0.0576807
                4.65            0.445413          -0.0586477
                4.66            0.444725          -0.0596087
                4.67            0.444026          -0.0605636
                4.68            0.443315          -0.0615125
                4.69            0.442592          -0.0624551
                 4.7            0.441858          -0.0633915
                4.71            0.441112          -0.0643215
                4.72            0.440355          -0.0652452
                4.73            0.439586          -0.0661624
                4.74            0.438806           -0.067073
                4.75            0.438015          -0.0679771
                4.76            0.437212          -0.0688745
                4.77            0.436399          -0.0697652
                4.78            0.435574          -0.0706491
                4.79            0.434738          -0.0715261
                 4.8            0.433892          -0.0723962
                4.81            0.433034          -0.0732593
                4.82            0.432166          -0.0741154
                4.83            0.431287          -0.0749644
                4.84            0.430397          -0.0758062
                4.85            0.429497          -0.0766408
                4.86            0.428587           -0.077468
                4.87            0.427666           -0.078288
                4.88            0.426735          -0.0791005
                4.89            0.425793          -0.0799055
                 4.9            0.424842           -0.080703
                4.91             0.42388           -0.081493
                4.92            0.422909          -0.0822752
                4.93            0.421928          -0.0830498
                4.94            0.420936          -0.0838166
                4.95            0.419935          -0.0845756
                4.96            0.418925          -0.0853267
                4.97            0.417905          -0.0860699
                4.98            0.416876          -0.0868051
                4.99            0.415837          -0.0875323
                   5            0.414789          -0.0882514
                5.01            0.413732          -0.0889624
                5.02            0.412666          -0.0896651
                5.03            0.411591          -0.0903597
                5.04            0.410507          -0.0910459
                5.05            0.409414          -0.0917238
                5.06            0.408313          -0.0923933
                5.07            0.407203          -0.0930543
                5.08            0.406084          -0.0937069
                5.09            0.404958          -0.0943509
                 5.1            0.403823          -0.0949863
                5.11            0.402679          -0.0956131
                5.12            0.401528          -0.0962313
                5.13            0.400369          -0.0968407
                5.14            0.399202          -0.0974413
                5.15            0.398028          -0.0980331
                5.16            0.396845          -0.0986161
                5.17            0.395656          -0.0991902
                5.18            0.394458          -0.0997553
                5.19            0.393254           -0.100311
                 5.2            0.392042           -0.100859
                5.21            0.390824           -0.101397
                5.22            0.389598           -0.101926
                5.23            0.388365           -0.102446
                5.24            0.387126           -0.102956
                5.25             0.38588           -0.103458
                5.26            0.384628            -0.10395
                5.27            0.383369           -0.104433
                5.28            0.382104           -0.104906
                5.29            0.380833           -0.105371
                 5.3            0.379556           -0.105825
                5.31            0.378273           -0.106271
                5.32            0.376984           -0.106707
                5.33             0.37569           -0.107133
                5.34             0.37439            -0.10755
                5.35            0.373084           -0.107958
                5.36            0.371774           -0.108356
                5.37            0.370458           -0.108744
                5.38            0.369137           -0.109122
                5.39            0.367811           -0.109491
                 5.4             0.36648           -0.109851
                5.41            0.365145             -0.1102
                5.42            0.363805            -0.11054
                5.43            0.362461            -0.11087
                5.44            0.361112            -0.11119
                5.45             0.35976             -0.1115
                5.46            0.358403           -0.111801
                5.47            0.357042           -0.112092
                5.48            0.355677           -0.112373
                5.49            0.354309           -0.112643
                 5.5            0.352938           -0.112904
                5.51            0.351563           -0.113156
                5.52            0.350184           -0.113397
                5.53            0.348803           -0.113628
                5.54            0.347418           -0.113849
                5.55            0.346031            -0.11406
                5.56            0.344641           -0.114261
                5.57            0.343248           -0.114452
                5.58            0.341853           -0.114633
                5.59            0.340456           -0.114804
                 5.6            0.339056           -0.114965
                5.61            0.337654           -0.115116
                5.62             0.33625           -0.115256
                5.63            0.334845           -0.115387
                5.64            0.333438           -0.115507
                5.65            0.332029           -0.115618
                5.66            0.330619           -0.115718
                5.67            0.329208           -0.115808
                5.68            0.327795           -0.115888
                5.69            0.326382           -0.115957
                 5.7            0.324967           -0.116017
                5.71            0.323552           -0.116066
                5.72            0.322136           -0.116105
                5.73             0.32072           -0.116134
                5.74            0.319304           -0.116153
                5.75            0.317887           -0.116162
                5.76            0.316471            -0.11616
                5.77            0.315054           -0.116149
                5.78            0.313638           -0.116127
                5.79            0.312222           -0.116095
                 5.8            0.310806           -0.116053
                5.81            0.309391              -0.116
                5.82            0.307977           -0.115938
                5.83            0.306564           -0.115865
                5.84            0.305152           -0.115782
                5.85            0.303741           -0.115689
                5.86            0.302331           -0.115586
                5.87            0.300923           -0.115472
                5.88            0.299516           -0.115349
                5.89            0.298111           -0.115215
                 5.9            0.296708           -0.115072
                5.91            0.295307           -0.114918
                5.92            0.293908           -0.114754
                5.93            0.292511            -0.11458
                5.94            0.291117           -0.114396
                5.95            0.289725           -0.114202
                5.96            0.288335           -0.113998
                5.97            0.286949           -0.113784
                5.98            0.285565            -0.11356
                5.99            0.284185           -0.113326
                   6            0.282807           -0.113082
                6.01            0.281433           -0.112828
                6.02            0.280063           -0.112564
                6.03            0.278696            -0.11229
                6.04            0.277332           -0.112006
                6.05            0.275973           -0.111713
                6.06            0.274617           -0.111409
                6.07            0.273265           -0.111096
                6.08            0.271918           -0.110773
                6.09            0.270575            -0.11044
                 6.1            0.269236           -0.110097
                6.11            0.267903           -0.109745
                6.12            0.266573           -0.109382
                6.13            0.265249           -0.109011
                6.14            0.263929           -0.108629
                6.15            0.262615           -0.108238
                6.16            0.261306           -0.107837
                6.17            0.260002           -0.107427
                6.18            0.258704           -0.107007
                6.19            0.257411           -0.106578
                 6.2            0.256124           -0.106139
                6.21            0.254843           -0.105691
                6.22            0.253567           -0.105233
                6.23            0.252298           -0.104766
                6.24            0.251035            -0.10429
                6.25            0.249778           -0.103804
                6.26            0.248528           -0.103309
                6.27            0.247284           -0.102805
                6.28            0.246047           -0.102292
                6.29            0.244816           -0.101769
                 6.3            0.243593           -0.101237
                6.31            0.242376           -0.100697
                6.32            0.241166           -0.100147
                6.33            0.239964          -0.0995879
                6.34            0.238769          -0.0990201
                6.35            0.237582          -0.0984434
                6.36            0.236402          -0.0978578
                6.37            0.235229          -0.0972633
                6.38            0.234065            -0.09666
                6.39            0.232908           -0.096048
                 6.4            0.231759          -0.0954273
                6.41            0.230618          -0.0947979
                6.42            0.229486          -0.0941599
                6.43            0.228361          -0.0935134
                6.44            0.227246          -0.0928583
                6.45            0.226138          -0.0921947
                6.46            0.225039          -0.0915227
                6.47            0.223949          -0.0908423
                6.48            0.222868          -0.0901536
                6.49            0.221796          -0.0894567
                 6.5            0.220732          -0.0887514
                6.51            0.219678          -0.0880381
                6.52            0.218632          -0.0873165
                6.53            0.217597           -0.086587
                6.54             0.21657          -0.0858494
                6.55            0.215553          -0.0851038
                6.56            0.214545          -0.0843503
                6.57            0.213547           -0.083589
                6.58            0.212559          -0.0828199
                6.59            0.211581           -0.082043
                 6.6            0.210612          -0.0812584
                6.61            0.209653          -0.0804663
                6.62            0.208705          -0.0796665
                6.63            0.207767          -0.0788592
                6.64            0.206838          -0.0780445
                6.65            0.205921          -0.0772224
                6.66            0.205013          -0.0763929
                6.67            0.204116          -0.0755562
                6.68             0.20323          -0.0747122
                6.69            0.202354          -0.0738611
                 6.7            0.201489           -0.073003
                6.71            0.200635          -0.0721377
                6.72            0.199792          -0.0712656
                6.73            0.198959          -0.0703865
                6.74            0.198138          -0.0695006
                6.75            0.197327          -0.0686079
                6.76            0.196528          -0.0677085
                6.77             0.19574          -0.0668024
                6.78            0.194964          -0.0658898
                6.79            0.194198          -0.0649707
                 6.8            0.193444          -0.0640451
                6.81            0.192702          -0.0631132
                6.82            0.191971           -0.062175
                6.83            0.191252          -0.0612305
                6.84            0.190544          -0.0602798
                6.85            0.189849          -0.0593231
                6.86            0.189165          -0.0583603
                6.87            0.188493          -0.0573915
                6.88            0.187832          -0.0564169
                6.89            0.187184          -0.0554364
                 6.9            0.186548          -0.0544502
                6.91            0.185924          -0.0534583
                6.92            0.185312          -0.0524609
                6.93            0.184712          -0.0514578
                6.94            0.184124          -0.0504494
                6.95            0.183549          -0.0494355
                6.96            0.182986          -0.0484163
                6.97            0.182436          -0.0473919
                6.98            0.181897          -0.0463623
                6.99            0.181372          -0.0453277
                   7            0.180859           -0.044288
                7.01            0.180358          -0.0432434
                7.02             0.17987          -0.0421939
                7.03            0.179395          -0.0411397
                7.04            0.178932          -0.0400807
                7.05            0.178483          -0.0390171
                7.06            0.178046           -0.037949
                7.07            0.177621          -0.0368763
                7.08             0.17721          -0.0357993
                7.09            0.176811           -0.034718
                 7.1            0.176426          -0.0336324
                7.11            0.176053          -0.0325426
                7.12            0.175693          -0.0314488
                7.13            0.175347          -0.0303509
                7.14            0.175013          -0.0292492
                7.15            0.174693          -0.0281436
                7.16            0.174385          -0.0270342
                7.17            0.174091          -0.0259212
                7.18             0.17381          -0.0248045
                7.19            0.173542          -0.0236843
                 7.2            0.173287          -0.0225607
