TIMESTEP:    0.01
NPERIODS:    2
ALPHA:       0.01
PHI:         1
X0:          0
Z0:          0
               TIME:                   X                   Z
                   0                   0                   0
                0.01         2.01985e-06         0.000117519
                0.02         5.38607e-06         0.000235038
                0.03         1.00984e-05         0.000352548
                0.04         1.61566e-05         0.000470041
                0.05         2.35602e-05         0.000587507
                0.06         3.23087e-05         0.000704937
                0.07         4.24013e-05         0.000822323
                0.08         5.38375e-05         0.000939656
                0.09         6.66164e-05          0.00105693
                 0.1         8.07369e-05          0.00117413
                0.11         9.61982e-05          0.00129124
                0.12         0.000112999          0.00140827
                0.13         0.000131138          0.00152521
                0.14         0.000150614          0.00164203
                0.15         0.000171426          0.00175874
                0.16         0.000193571          0.00187532
                0.17         0.000217049          0.00199177
                0.18         0.000241857          0.00210808
                0.19         0.000267995          0.00222424
                 0.2         0.000295458          0.00234024
                0.21         0.000324247          0.00245606
                0.22         0.000354358          0.00257171
                0.23          0.00038579          0.00268718
                0.24         0.000418539          0.00280245
                0.25         0.000452604          0.00291751
                0.26         0.000487982          0.00303236
                0.27         0.000524671          0.00314699
                0.28         0.000562667          0.00326139
                0.29         0.000601967          0.00337555
                 0.3          0.00064257          0.00348946
                0.31         0.000684471          0.00360312
                0.32         0.000727668          0.00371651
                0.33         0.000772157          0.00382963
                0.34         0.000817936          0.00394246
                0.35            0.000865            0.004055
                0.36         0.000913346          0.00416725
                0.37         0.000962971          0.00427918
                0.38          0.00101387           0.0043908
                0.39          0.00106604           0.0045021
                 0.4          0.00111948          0.00461306
                0.41          0.00117418          0.00472368
                0.42          0.00123014          0.00483395
                0.43          0.00128735          0.00494386
                0.44          0.00134582           0.0050534
                0.45          0.00140553          0.00516257
                0.46          0.00146648          0.00527135
                0.47          0.00152867          0.00537974
                0.48          0.00159209          0.00548773
                0.49          0.00165674          0.00559532
                 0.5          0.00172261          0.00570248
                0.51           0.0017897          0.00580922
                0.52            0.001858          0.00591553
                0.53          0.00192752           0.0060214
                0.54          0.00199823          0.00612682
                0.55          0.00207014          0.00623178
                0.56          0.00214324          0.00633627
                0.57          0.00221753          0.00644029
                0.58            0.002293          0.00654383
                0.59          0.00236964          0.00664689
                 0.6          0.00244746          0.00674944
                0.61          0.00252643          0.00685149
                0.62          0.00260657          0.00695303
                0.63          0.00268786          0.00705405
                0.64          0.00277029          0.00715454
                0.65          0.00285386           0.0072545
                0.66          0.00293857          0.00735391
                0.67           0.0030244          0.00745277
                0.68          0.00311135          0.00755107
                0.69          0.00319942          0.00764881
                 0.7          0.00328859          0.00774597
                0.71          0.00337886          0.00784256
                0.72          0.00347023          0.00793856
                0.73          0.00356269          0.00803396
                0.74          0.00365622          0.00812876
                0.75          0.00375083          0.00822295
                0.76          0.00384651          0.00831652
                0.77          0.00394324          0.00840947
                0.78          0.00404102          0.00850178
                0.79          0.00413985          0.00859346
                 0.8          0.00423972           0.0086845
                0.81          0.00434062          0.00877488
                0.82          0.00444254          0.00886461
                0.83          0.00454547          0.00895366
                0.84          0.00464941          0.00904205
                0.85          0.00475435          0.00912976
                0.86          0.00486028          0.00921678
                0.87          0.00496719          0.00930311
                0.88          0.00507508          0.00938874
                0.89          0.00518393          0.00947366
                 0.9          0.00529375          0.00955788
                0.91          0.00540451          0.00964137
                0.92          0.00551622          0.00972414
                0.93          0.00562886          0.00980618
                0.94          0.00574243          0.00988748
                0.95          0.00585691          0.00996804
                0.96          0.00597231           0.0100478
                0.97           0.0060886           0.0101269
                0.98          0.00620579           0.0102052
                0.99          0.00632386           0.0102827
                   1           0.0064428           0.0103595
                1.01          0.00656261           0.0104354
                1.02          0.00668327           0.0105106
                1.03          0.00680478            0.010585
                1.04          0.00692713           0.0106586
                1.05          0.00705031           0.0107314
                1.06          0.00717431           0.0108034
                1.07          0.00729912           0.0108746
                1.08          0.00742473           0.0109449
                1.09          0.00755113           0.0110145
                 1.1          0.00767832           0.0110832
                1.11          0.00780627            0.011151
                1.12          0.00793499           0.0112181
                1.13          0.00806447           0.0112842
                1.14          0.00819469           0.0113496
                1.15          0.00832564            0.011414
                1.16          0.00845732           0.0114777
                1.17          0.00858972           0.0115404
                1.18          0.00872282           0.0116023
                1.19          0.00885661           0.0116633
                 1.2          0.00899109           0.0117235
                1.21          0.00912625           0.0117827
                1.22          0.00926207           0.0118411
                1.23          0.00939854           0.0118985
                1.24          0.00953566           0.0119551
                1.25          0.00967342           0.0120108
                1.26           0.0098118           0.0120655
                1.27          0.00995079           0.0121194
                1.28           0.0100904           0.0121724
                1.29           0.0102306           0.0122244
                 1.3           0.0103714           0.0122755
                1.31           0.0105127           0.0123257
                1.32           0.0106546           0.0123749
                1.33           0.0107971           0.0124232
                1.34           0.0109401           0.0124706
                1.35           0.0110836           0.0125171
                1.36           0.0112277           0.0125626
                1.37           0.0113722           0.0126071
                1.38           0.0115173           0.0126507
                1.39           0.0116628           0.0126934
                 1.4           0.0118088           0.0127351
                1.41           0.0119553           0.0127758
                1.42           0.0121023           0.0128156
                1.43           0.0122497           0.0128544
                1.44           0.0123975           0.0128922
                1.45           0.0125457            0.012929
                1.46           0.0126944           0.0129649
                1.47           0.0128434           0.0129998
                1.48           0.0129929           0.0130338
                1.49           0.0131427           0.0130667
                 1.5           0.0132929           0.0130987
                1.51           0.0134434           0.0131296
                1.52           0.0135943           0.0131596
                1.53           0.0137455           0.0131886
                1.54           0.0138971           0.0132166
                1.55           0.0140489           0.0132436
                1.56           0.0142011           0.0132696
                1.57           0.0143535           0.0132946
                1.58           0.0145062           0.0133186
                1.59           0.0146592           0.0133416
                 1.6           0.0148124           0.0133635
                1.61           0.0149659           0.0133845
                1.62           0.0151196           0.0134045
                1.63           0.0152736           0.0134234
                1.64           0.0154277           0.0134414
                1.65            0.015582           0.0134583
                1.66           0.0157365           0.0134742
                1.67           0.0158912           0.0134891
                1.68           0.0160461            0.013503
                1.69           0.0162011           0.0135158
                 1.7           0.0163562           0.0135277
                1.71           0.0165115           0.0135385
                1.72           0.0166669           0.0135483
                1.73           0.0168224           0.0135571
                1.74            0.016978           0.0135648
                1.75           0.0171337           0.0135715
                1.76           0.0172894           0.0135772
                1.77           0.0174452           0.0135819
                1.78            0.017601           0.0135856
                1.79           0.0177569           0.0135882
                 1.8           0.0179128           0.0135898
                1.81           0.0180687           0.0135904
                1.82           0.0182247             0.01359
                1.83           0.0183806           0.0135885
                1.84           0.0185365            0.013586
                1.85           0.0186923           0.0135825
                1.86           0.0188481           0.0135779
                1.87           0.0190039           0.0135724
                1.88           0.0191595           0.0135658
                1.89           0.0193151           0.0135581
                 1.9           0.0194706           0.0135495
                1.91            0.019626           0.0135398
                1.92           0.0197813           0.0135292
                1.93           0.0199365           0.0135174
                1.94           0.0200915           0.0135047
                1.95           0.0202464            0.013491
                1.96           0.0204011           0.0134762
                1.97           0.0205557           0.0134604
                1.98             0.02071           0.0134437
                1.99           0.0208642           0.0134258
                   2           0.0210181            0.013407
                2.01           0.0211719           0.0133872
                2.02           0.0213254           0.0133664
                2.03           0.0214786           0.0133445
                2.04           0.0216317           0.0133216
                2.05           0.0217844           0.0132978
                2.06           0.0219369           0.0132729
                2.07           0.0220891           0.0132471
                2.08            0.022241           0.0132202
                2.09           0.0223926           0.0131923
                 2.1           0.0225438           0.0131635
                2.11           0.0226947           0.0131336
                2.12           0.0228453           0.0131028
                2.13           0.0229956            0.013071
                2.14           0.0231454           0.0130381
                2.15           0.0232949           0.0130043
                2.16            0.023444           0.0129696
                2.17           0.0235927           0.0129338
                2.18            0.023741           0.0128971
                2.19           0.0238889           0.0128594
                 2.2           0.0240364           0.0128207
                2.21           0.0241834           0.0127811
                2.22           0.0243299           0.0127405
                2.23            0.024476           0.0126989
                2.24           0.0246216           0.0126564
                2.25           0.0247667           0.0126129
                2.26           0.0249114           0.0125685
                2.27           0.0250555           0.0125231
                2.28           0.0251991           0.0124768
                2.29           0.0253421           0.0124295
                 2.3           0.0254847           0.0123813
                2.31           0.0256267           0.0123322
                2.32           0.0257681           0.0122821
                2.33           0.0259089           0.0122311
                2.34           0.0260492           0.0121792
                2.35           0.0261889           0.0121264
                2.36            0.026328           0.0120727
                2.37           0.0264664            0.012018
                2.38           0.0266042           0.0119625
                2.39           0.0267415            0.011906
                 2.4            0.026878           0.0118487
                2.41           0.0270139           0.0117904
                2.42           0.0271492           0.0117313
                2.43           0.0272837           0.0116713
                2.44           0.0274176           0.0116104
                2.45           0.0275508           0.0115486
                2.46           0.0276833            0.011486
                2.47           0.0278151           0.0114225
                2.48           0.0279461           0.0113581
                2.49           0.0280764           0.0112929
                 2.5            0.028206           0.0112268
                2.51           0.0283348           0.0111599
                2.52           0.0284629           0.0110921
                2.53           0.0285902           0.0110235
                2.54           0.0287167           0.0109541
                2.55           0.0288424           0.0108838
                2.56           0.0289673           0.0108128
                2.57           0.0290914           0.0107409
                2.58           0.0292147           0.0106682
                2.59           0.0293372           0.0105947
                 2.6           0.0294588           0.0105204
                2.61           0.0295796           0.0104453
                2.62           0.0296995           0.0103695
                2.63           0.0298185           0.0102928
                2.64           0.0299367           0.0102154
                2.65            0.030054           0.0101372
                2.66           0.0301704           0.0100583
                2.67           0.0302859          0.00997856
                2.68           0.0304006           0.0098981
                2.69           0.0305142          0.00981689
                 2.7            0.030627          0.00973495
                2.71           0.0307388          0.00965228
                2.72           0.0308497          0.00956888
                2.73           0.0309597          0.00948476
                2.74           0.0310686          0.00939993
                2.75           0.0311767          0.00931439
                2.76           0.0312837          0.00922815
                2.77           0.0313898          0.00914122
                2.78           0.0314948          0.00905361
                2.79           0.0315989          0.00896531
                 2.8            0.031702          0.00887634
                2.81            0.031804           0.0087867
                2.82           0.0319051           0.0086964
                2.83           0.0320051          0.00860545
                2.84            0.032104          0.00851386
                2.85           0.0322019          0.00842162
                2.86           0.0322988          0.00832876
                2.87           0.0323946          0.00823527
                2.88           0.0324894          0.00814116
                2.89           0.0325831          0.00804644
                 2.9           0.0326757          0.00795112
                2.91           0.0327672           0.0078552
                2.92           0.0328576          0.00775869
                2.93           0.0329469           0.0076616
                2.94           0.0330351          0.00756394
                2.95           0.0331222          0.00746571
                2.96           0.0332082          0.00736692
                2.97            0.033293          0.00726758
                2.98           0.0333768           0.0071677
                2.99           0.0334593          0.00706727
                   3           0.0335408          0.00696632
                3.01           0.0336211          0.00686485
                3.02           0.0337002          0.00676287
                3.03           0.0337782          0.00666038
                3.04            0.033855          0.00655739
                3.05           0.0339306          0.00645392
                3.06            0.034005          0.00634996
                3.07           0.0340783          0.00624552
                3.08           0.0341504          0.00614062
                3.09           0.0342212          0.00603527
                 3.1           0.0342909          0.00592946
                3.11           0.0343594          0.00582321
                3.12           0.0344266          0.00571652
                3.13           0.0344926          0.00560941
                3.14           0.0345575          0.00550188
                3.15            0.034621          0.00539394
                3.16           0.0346834          0.00528561
                3.17           0.0347445          0.00517687
                3.18           0.0348044          0.00506776
                3.19            0.034863          0.00495826
                 3.2           0.0349204           0.0048484
                3.21           0.0349765          0.00473818
                3.22           0.0350314           0.0046276
                3.23            0.035085          0.00451669
                3.24           0.0351373          0.00440544
                3.25           0.0351884          0.00429386
                3.26           0.0352382          0.00418196
                3.27           0.0352867          0.00406976
                3.28           0.0353339          0.00395725
                3.29           0.0353799          0.00384446
                 3.3           0.0354245          0.00373138
                3.31           0.0354679          0.00361802
                3.32             0.03551           0.0035044
                3.33           0.0355507          0.00339052
                3.34           0.0355902          0.00327639
                3.35           0.0356284          0.00316202
                3.36           0.0356652          0.00304742
                3.37           0.0357008           0.0029326
                3.38            0.035735          0.00281757
                3.39           0.0357679          0.00270232
                 3.4           0.0357996          0.00258688
                3.41           0.0358298          0.00247126
                3.42           0.0358588          0.00235545
                3.43           0.0358864          0.00223948
                3.44           0.0359127          0.00212334
                3.45           0.0359377          0.00200705
                3.46           0.0359614          0.00189062
                3.47           0.0359837          0.00177405
                3.48           0.0360047          0.00165736
                3.49           0.0360243          0.00154055
                 3.5           0.0360427          0.00142363
                3.51           0.0360596          0.00130661
                3.52           0.0360753          0.00118951
                3.53           0.0360896          0.00107232
                3.54           0.0361025         0.000955057
                3.55           0.0361141         0.000837732
                3.56           0.0361244         0.000720353
                3.57           0.0361333         0.000602927
                3.58           0.0361409         0.000485465
                3.59           0.0361471         0.000367976
                 3.6            0.036152         0.000250467
                3.61           0.0361556         0.000132949
                3.62           0.0361578         1.54297e-05
                3.63           0.0361586        -0.000102082
                3.64           0.0361581        -0.000219576
                3.65           0.0361563        -0.000337044
                3.66           0.0361531        -0.000454478
                3.67           0.0361486        -0.000571868
                3.68           0.0361427        -0.000689205
                3.69           0.0361355         -0.00080648
                 3.7           0.0361269        -0.000923685
                3.71            0.036117         -0.00104081
                3.72           0.0361057         -0.00115785
                3.73           0.0360931         -0.00127479
                3.74           0.0360792         -0.00139162
                3.75           0.0360639         -0.00150834
                3.76           0.0360473         -0.00162493
                3.77           0.0360293         -0.00174139
                3.78             0.03601         -0.00185771
                3.79           0.0359894         -0.00197388
                 3.8           0.0359674         -0.00208989
                3.81           0.0359441         -0.00220573
                3.82           0.0359195          -0.0023214
                3.83           0.0358936         -0.00243688
                3.84           0.0358663         -0.00255216
                3.85           0.0358377         -0.00266724
                3.86           0.0358078         -0.00278211
                3.87           0.0357765         -0.00289676
                3.88            0.035744         -0.00301117
                3.89           0.0357101         -0.00312535
                 3.9           0.0356749         -0.00323928
                3.91           0.0356384         -0.00335296
                3.92           0.0356006         -0.00346637
                3.93           0.0355615         -0.00357951
                3.94           0.0355211         -0.00369237
                3.95           0.0354795         -0.00380493
                3.96           0.0354365          -0.0039172
                3.97           0.0353922         -0.00402916
                3.98           0.0353466         -0.00414081
                3.99           0.0352998         -0.00425213
                   4           0.0352516         -0.00436312
                4.01           0.0352022         -0.00447376
                4.02           0.0351516         -0.00458406
                4.03           0.0350996           -0.004694
                4.04           0.0350464         -0.00480357
                4.05           0.0349919         -0.00491276
                4.06           0.0349362         -0.00502158
                4.07           0.0348792            -0.00513
                4.08            0.034821         -0.00523802
                4.09           0.0347615         -0.00534564
                 4.1           0.0347008         -0.00545284
                4.11           0.0346389         -0.00555961
                4.12           0.0345757         -0.00566595
                4.13           0.0345114         -0.00577185
                4.14           0.0344457         -0.00587731
                4.15           0.0343789          -0.0059823
                4.16           0.0343109         -0.00608684
                4.17           0.0342417          -0.0061909
                4.18           0.0341712         -0.00629447
                4.19           0.0340996         -0.00639756
                 4.2           0.0340268         -0.00650016
                4.21           0.0339528         -0.00660225
                4.22           0.0338776         -0.00670383
                4.23           0.0338013         -0.00680489
                4.24           0.0337238         -0.00690542
                4.25           0.0336451         -0.00700542
                4.26           0.0335653         -0.00710487
                4.27           0.0334844         -0.00720378
                4.28           0.0334023         -0.00730212
                4.29           0.0333191          -0.0073999
                 4.3           0.0332347         -0.00749711
                4.31           0.0331492         -0.00759374
                4.32           0.0330626         -0.00768979
                4.33            0.032975         -0.00778523
                4.34           0.0328862         -0.00788008
                4.35           0.0327963         -0.00797432
                4.36           0.0327053         -0.00806794
                4.37           0.0326133         -0.00816094
                4.38           0.0325201          -0.0082533
                4.39           0.0324259         -0.00834503
                 4.4           0.0323307         -0.00843612
                4.41           0.0322344         -0.00852655
                4.42           0.0321371         -0.00861633
                4.43           0.0320387         -0.00870544
                4.44           0.0319393         -0.00879388
                4.45           0.0318389         -0.00888164
                4.46           0.0317375         -0.00896871
                4.47            0.031635         -0.00905509
                4.48           0.0315316         -0.00914078
                4.49           0.0314272         -0.00922576
                 4.5           0.0313218         -0.00931003
                4.51           0.0312154         -0.00939358
                4.52           0.0311081          -0.0094764
                4.53           0.0309998          -0.0095585
                4.54           0.0308906         -0.00963986
                4.55           0.0307804         -0.00972047
                4.56           0.0306693         -0.00980034
                4.57           0.0305573         -0.00987945
                4.58           0.0304444          -0.0099578
                4.59           0.0303305          -0.0100354
                 4.6           0.0302158          -0.0101122
                4.61           0.0301002          -0.0101882
                4.62           0.0299837          -0.0102635
                4.63           0.0298663          -0.0103379
                4.64           0.0297481          -0.0104116
                4.65            0.029629          -0.0104844
                4.66           0.0295091          -0.0105565
                4.67           0.0293884          -0.0106277
                4.68           0.0292668          -0.0106982
                4.69           0.0291445          -0.0107677
                 4.7           0.0290213          -0.0108365
                4.71           0.0288973          -0.0109044
                4.72           0.0287726          -0.0109715
                4.73           0.0286471          -0.0110378
                4.74           0.0285208          -0.0111032
                4.75           0.0283937          -0.0111677
                4.76           0.0282659          -0.0112314
                4.77           0.0281374          -0.0112942
                4.78           0.0280082          -0.0113562
                4.79           0.0278782          -0.0114173
                 4.8           0.0277476          -0.0114775
                4.81           0.0276162          -0.0115368
                4.82           0.0274842          -0.0115952
                4.83           0.0273515          -0.0116528
                4.84           0.0272181          -0.0117094
                4.85           0.0270841          -0.0117652
                4.86           0.0269494            -0.01182
                4.87           0.0268141          -0.0118739
                4.88           0.0266782          -0.0119269
                4.89           0.0265417           -0.011979
                 4.9           0.0264045          -0.0120302
                4.91           0.0262668          -0.0120805
                4.92           0.0261285          -0.0121298
                4.93           0.0259897          -0.0121782
                4.94           0.0258502          -0.0122256
                4.95           0.0257103          -0.0122722
                4.96           0.0255698          -0.0123177
                4.97           0.0254288          -0.0123624
                4.98           0.0252872           -0.012406
                4.99           0.0251452          -0.0124487
                   5           0.0250026          -0.0124905
                5.01           0.0248596          -0.0125313
                5.02           0.0247162          -0.0125712
                5.03           0.0245722            -0.01261
                5.04           0.0244278          -0.0126479
                5.05            0.024283          -0.0126849
                5.06           0.0241378          -0.0127208
                5.07           0.0239921          -0.0127558
                5.08           0.0238461          -0.0127898
                5.09           0.0236996          -0.0128228
                 5.1           0.0235528          -0.0128549
                5.11           0.0234056          -0.0128859
                5.12           0.0232581           -0.012916
                5.13           0.0231102           -0.012945
                5.14            0.022962          -0.0129731
                5.15           0.0228134          -0.0130002
                5.16           0.0226646          -0.0130263
                5.17           0.0225154          -0.0130513
                5.18            0.022366          -0.0130754
                5.19           0.0222163          -0.0130985
                 5.2           0.0220663          -0.0131205
                5.21           0.0219161          -0.0131416
                5.22           0.0217657          -0.0131616
                5.23            0.021615          -0.0131806
                5.24           0.0214641          -0.0131987
                5.25            0.021313          -0.0132157
                5.26           0.0211617          -0.0132317
                5.27           0.0210102          -0.0132466
                5.28           0.0208585          -0.0132606
                5.29           0.0207067          -0.0132735
                 5.3           0.0205548          -0.0132854
                5.31           0.0204027          -0.0132963
                5.32           0.0202505          -0.0133062
                5.33           0.0200982          -0.0133151
                5.34           0.0199458          -0.0133229
                5.35           0.0197933          -0.0133297
                5.36           0.0196408          -0.0133355
                5.37           0.0194881          -0.0133402
                5.38           0.0193355           -0.013344
                5.39           0.0191828          -0.0133467
                 5.4             0.01903          -0.0133484
                5.41           0.0188773           -0.013349
                5.42           0.0187245          -0.0133487
                5.43           0.0185718          -0.0133473
                5.44           0.0184191          -0.0133449
                5.45           0.0182664          -0.0133414
                5.46           0.0181137          -0.0133369
                5.47           0.0179612          -0.0133315
                5.48           0.0178086          -0.0133249
                5.49           0.0176562          -0.0133174
                 5.5           0.0175039          -0.0133088
                5.51           0.0173516          -0.0132993
                5.52           0.0171995          -0.0132887
                5.53           0.0170475           -0.013277
                5.54           0.0168957          -0.0132644
                5.55            0.016744          -0.0132507
                5.56           0.0165925           -0.013236
                5.57           0.0164411          -0.0132203
                5.58             0.01629          -0.0132036
                5.59            0.016139          -0.0131859
                 5.6           0.0159883          -0.0131671
                5.61           0.0158377          -0.0131474
                5.62           0.0156875          -0.0131266
                5.63           0.0155374          -0.0131049
                5.64           0.0153876          -0.0130821
                5.65           0.0152381          -0.0130583
                5.66           0.0150889          -0.0130335
                5.67             0.01494          -0.0130077
                5.68           0.0147913          -0.0129809
                5.69            0.014643          -0.0129531
                 5.7            0.014495          -0.0129244
                5.71           0.0143474          -0.0128946
                5.72           0.0142001          -0.0128638
                5.73           0.0140532          -0.0128321
                5.74           0.0139066          -0.0127993
                5.75           0.0137605          -0.0127656
                5.76           0.0136147          -0.0127309
                5.77           0.0134693          -0.0126952
                5.78           0.0133244          -0.0126586
                5.79           0.0131799          -0.0126209
                 5.8           0.0130358          -0.0125823
                5.81           0.0128922          -0.0125428
                5.82           0.0127491          -0.0125023
                5.83           0.0126064          -0.0124608
                5.84           0.0124642          -0.0124183
                5.85           0.0123225          -0.0123749
                5.86           0.0121814          -0.0123306
                5.87           0.0120407          -0.0122853
                5.88           0.0119006           -0.012239
                5.89            0.011761          -0.0121918
                 5.9            0.011622          -0.0121437
                5.91           0.0114835          -0.0120946
                5.92           0.0113456          -0.0120446
                5.93           0.0112084          -0.0119937
                5.94           0.0110717          -0.0119419
                5.95           0.0109356          -0.0118891
                5.96           0.0108001          -0.0118355
                5.97           0.0106652          -0.0117809
                5.98            0.010531          -0.0117254
                5.99           0.0103975           -0.011669
                   6           0.0102646          -0.0116117
                6.01           0.0101323          -0.0115536
                6.02           0.0100008          -0.0114945
                6.03          0.00986993          -0.0114345
                6.04          0.00973977          -0.0113737
                6.05          0.00961033           -0.011312
                6.06           0.0094816          -0.0112494
                6.07          0.00935361           -0.011186
                6.08          0.00922635          -0.0111217
                6.09          0.00909985          -0.0110565
                 6.1          0.00897411          -0.0109905
                6.11          0.00884914          -0.0109237
                6.12          0.00872495           -0.010856
                6.13          0.00860155          -0.0107875
                6.14          0.00847895          -0.0107181
                6.15          0.00835716          -0.0106479
                6.16          0.00823618          -0.0105769
                6.17          0.00811604          -0.0105051
                6.18          0.00799673          -0.0104325
                6.19          0.00787827           -0.010359
                 6.2          0.00776066          -0.0102848
                6.21          0.00764392          -0.0102098
                6.22          0.00752806           -0.010134
                6.23          0.00741307          -0.0100574
                6.24          0.00729898         -0.00998002
                6.25          0.00718579         -0.00990188
                6.26          0.00707351         -0.00982299
                6.27          0.00696215         -0.00974334
                6.28          0.00685171         -0.00966293
                6.29          0.00674221         -0.00958179
                 6.3          0.00663366          -0.0094999
                6.31          0.00652606         -0.00941728
                6.32          0.00641941         -0.00933394
                6.33          0.00631374         -0.00924988
                6.34          0.00620904          -0.0091651
                6.35          0.00610533         -0.00907961
                6.36          0.00600262         -0.00899343
                6.37           0.0059009         -0.00890655
                6.38           0.0058002         -0.00881899
                6.39          0.00570051         -0.00873074
                 6.4          0.00560184         -0.00864182
                6.41          0.00550421         -0.00855223
                6.42          0.00540762         -0.00846199
                6.43          0.00531208         -0.00837109
                6.44          0.00521759         -0.00827954
                6.45          0.00512416         -0.00818736
                6.46          0.00503181         -0.00809454
                6.47          0.00494053         -0.00800109
                6.48          0.00485033         -0.00790703
                6.49          0.00476122         -0.00781236
                 6.5          0.00467322         -0.00771708
                6.51          0.00458632         -0.00762121
                6.52          0.00450052         -0.00752474
                6.53          0.00441585          -0.0074277
                6.54           0.0043323         -0.00733008
                6.55          0.00424988         -0.00723189
                6.56           0.0041686         -0.00713315
                6.57          0.00408847         -0.00703385
                6.58          0.00400948         -0.00693401
                6.59          0.00393165         -0.00683363
                 6.6          0.00385498         -0.00673272
                6.61          0.00377948         -0.00663129
                6.62          0.00370515         -0.00652934
                6.63            0.003632         -0.00642689
                6.64          0.00356004         -0.00632394
                6.65          0.00348927          -0.0062205
                6.66          0.00341969         -0.00611658
                6.67          0.00335132         -0.00601218
                6.68          0.00328415         -0.00590731
                6.69           0.0032182         -0.00580199
                 6.7          0.00315346         -0.00569622
                6.71          0.00308994            -0.00559
                6.72          0.00302766         -0.00548335
                6.73           0.0029666         -0.00537627
                6.74          0.00290678         -0.00526877
                6.75           0.0028482         -0.00516086
                6.76          0.00279087         -0.00505256
                6.77          0.00273479         -0.00494385
                6.78          0.00267996         -0.00483476
                6.79          0.00262639          -0.0047253
                 6.8          0.00257409         -0.00461546
                6.81          0.00252305         -0.00450527
                6.82          0.00247328         -0.00439472
                6.83          0.00242479         -0.00428383
                6.84          0.00237757          -0.0041726
                6.85          0.00233164         -0.00406105
                6.86          0.00228699         -0.00394918
                6.87          0.00224364           -0.003837
                6.88          0.00220157         -0.00372452
                6.89           0.0021608         -0.00361174
                 6.9          0.00212133         -0.00349868
                6.91          0.00208317         -0.00338535
                6.92           0.0020463         -0.00327175
                6.93          0.00201075         -0.00315789
                6.94           0.0019765         -0.00304378
                6.95          0.00194357         -0.00292943
                6.96          0.00191196         -0.00281484
                6.97          0.00188166         -0.00270004
                6.98          0.00185269         -0.00258502
                6.99          0.00182503         -0.00246979
                   7          0.00179871         -0.00235437
                7.01           0.0017737         -0.00223876
                7.02          0.00175003         -0.00212296
                7.03          0.00172769           -0.002007
                7.04          0.00170668         -0.00189088
                7.05          0.00168701          -0.0017746
                7.06          0.00166867         -0.00165818
                7.07          0.00165167         -0.00154162
                7.08            0.001636         -0.00142494
                7.09          0.00162168         -0.00130813
                 7.1           0.0016087         -0.00119122
                7.11          0.00159706         -0.00107421
                7.12          0.00158676        -0.000957113
                7.13          0.00157781         -0.00083993
                7.14           0.0015702        -0.000722674
                7.15          0.00156393        -0.000605353
                7.16          0.00155901        -0.000487978
                7.17          0.00155544        -0.000370556
                7.18          0.00155321        -0.000253096
                7.19          0.00155233        -0.000135608
                 7.2           0.0015528        -1.81011e-05
                7.21          0.00155461         9.94168e-05
                7.22          0.00155777         0.000216936
                7.23          0.00156228         0.000334449
                7.24          0.00156813         0.000451945
                7.25          0.00157532         0.000569415
                7.26          0.00158387         0.000686852
                7.27          0.00159375         0.000804245
                7.28          0.00160498         0.000921587
                7.29          0.00161755          0.00103887
                 7.3          0.00163147          0.00115608
                7.31          0.00164672          0.00127321
                7.32          0.00166332          0.00139025
                7.33          0.00168125           0.0015072
                7.34          0.00170052          0.00162404
                7.35          0.00172112          0.00174077
                7.36          0.00174306          0.00185737
                7.37          0.00176634          0.00197385
                7.38          0.00179094          0.00209018
                7.39          0.00181687          0.00220636
                 7.4          0.00184413          0.00232238
                7.41          0.00187272          0.00243823
                7.42          0.00190263          0.00255391
                7.43          0.00193385           0.0026694
                7.44           0.0019664           0.0027847
                7.45          0.00200026           0.0028998
                7.46          0.00203544          0.00301468
                7.47          0.00207193          0.00312935
                7.48          0.00210972          0.00324378
                7.49          0.00214882          0.00335798
                 7.5          0.00218922          0.00347193
                7.51          0.00223092          0.00358563
                7.52          0.00227392          0.00369906
                7.53          0.00231821          0.00381222
                7.54          0.00236379           0.0039251
                7.55          0.00241066          0.00403769
                7.56          0.00245881          0.00414998
                7.57          0.00250824          0.00426196
                7.58          0.00255894          0.00437363
                7.59          0.00261091          0.00448498
                 7.6          0.00266416          0.00459599
                7.61          0.00271866          0.00470666
                7.62          0.00277443          0.00481699
                7.63          0.00283145          0.00492695
                7.64          0.00288972          0.00503655
                7.65          0.00294924          0.00514578
                7.66             0.00301          0.00525462
                7.67            0.003072          0.00536307
                7.68          0.00313523          0.00547113
                7.69          0.00319969          0.00557877
                 7.7          0.00326538            0.005686
                7.71          0.00333228          0.00579281
                7.72           0.0034004          0.00589919
                7.73          0.00346972          0.00600512
                7.74          0.00354025          0.00611061
                7.75          0.00361198          0.00621564
                7.76          0.00368489          0.00632021
                7.77            0.003759           0.0064243
                7.78          0.00383429          0.00652792
                7.79          0.00391075          0.00663105
                 7.8          0.00398839          0.00673368
                7.81          0.00406719          0.00683581
                7.82          0.00414714          0.00693743
                7.83          0.00422825          0.00703852
                7.84          0.00431051           0.0071391
                7.85          0.00439391          0.00723913
                7.86          0.00447844          0.00733863
                7.87           0.0045641          0.00743758
                7.88          0.00465088          0.00753597
                7.89          0.00473877          0.00763379
                 7.9          0.00482777          0.00773105
                7.91          0.00491788          0.00782772
                7.92          0.00500908          0.00792381
                7.93          0.00510137           0.0080193
                7.94          0.00519474          0.00811419
                7.95          0.00528918          0.00820848
                7.96          0.00538469          0.00830215
                7.97          0.00548126          0.00839519
                7.98          0.00557889          0.00848761
                7.99          0.00567756          0.00857938
                   8          0.00577726          0.00867052
                8.01            0.005878            0.008761
                8.02          0.00597976          0.00885083
                8.03          0.00608254          0.00893999
                8.04          0.00618632          0.00902848
                8.05          0.00629111          0.00911629
                8.06          0.00639689          0.00920342
                8.07          0.00650365          0.00928986
                8.08          0.00661139          0.00937559
                8.09          0.00672009          0.00946063
                 8.1          0.00682976          0.00954495
                8.11          0.00694038          0.00962856
                8.12          0.00705194          0.00971144
                8.13          0.00716444          0.00979359
                8.14          0.00727787            0.009875
                8.15          0.00739221          0.00995568
                8.16          0.00750747           0.0100356
                8.17          0.00762362           0.0101148
                8.18          0.00774067           0.0101932
                8.19          0.00785861           0.0102708
                 8.2          0.00797741           0.0103477
                8.21          0.00809709           0.0104238
                8.22          0.00821762           0.0104991
                8.23            0.008339           0.0105736
                8.24          0.00846122           0.0106473
                8.25          0.00858428           0.0107202
                8.26          0.00870815           0.0107924
                8.27          0.00883283           0.0108637
                8.28          0.00895832           0.0109341
                8.29           0.0090846           0.0110038
                 8.3          0.00921167           0.0110726
                8.31          0.00933951           0.0111406
                8.32          0.00946811           0.0112078
                8.33          0.00959747           0.0112741
                8.34          0.00972758           0.0113396
                8.35          0.00985842           0.0114042
                8.36          0.00998998           0.0114679
                8.37           0.0101223           0.0115308
                8.38           0.0102553           0.0115928
                8.39           0.0103889            0.011654
                 8.4           0.0105233           0.0117142
                8.41           0.0106584           0.0117736
                8.42           0.0107941           0.0118321
                8.43           0.0109305           0.0118897
                8.44           0.0110675           0.0119465
                8.45           0.0112051           0.0120023
                8.46           0.0113434           0.0120572
                8.47           0.0114823           0.0121112
                8.48           0.0116218           0.0121643
                8.49           0.0117619           0.0122164
                 8.5           0.0119026           0.0122677
                8.51           0.0120439            0.012318
                8.52           0.0121857           0.0123674
                8.53           0.0123281           0.0124159
                8.54            0.012471           0.0124634
                8.55           0.0126145             0.01251
                8.56           0.0127584           0.0125556
                8.57           0.0129029           0.0126003
                8.58           0.0130479           0.0126441
                8.59           0.0131934           0.0126869
                 8.6           0.0133393           0.0127287
                8.61           0.0134857           0.0127696
                8.62           0.0136326           0.0128095
                8.63           0.0137799           0.0128484
                8.64           0.0139277           0.0128864
                8.65           0.0140759           0.0129234
                8.66           0.0142245           0.0129595
                8.67           0.0143734           0.0129945
                8.68           0.0145228           0.0130286
                8.69           0.0146726           0.0130617
                 8.7           0.0148227           0.0130938
                8.71           0.0149732           0.0131249
                8.72            0.015124           0.0131551
                8.73           0.0152752           0.0131842
                8.74           0.0154267           0.0132123
                8.75           0.0155785           0.0132395
                8.76           0.0157306           0.0132656
                8.77            0.015883           0.0132908
                8.78           0.0160357           0.0133149
                8.79           0.0161886           0.0133381
                 8.8           0.0163418           0.0133602
                8.81           0.0164953           0.0133813
                8.82           0.0166489           0.0134015
                8.83           0.0168028           0.0134206
                8.84           0.0169569           0.0134387
                8.85           0.0171112           0.0134558
                8.86           0.0172657           0.0134718
                8.87           0.0174204           0.0134869
                8.88           0.0175752           0.0135009
                8.89           0.0177302           0.0135139
                 8.9           0.0178853           0.0135259
                8.91           0.0180406           0.0135369
                8.92            0.018196           0.0135468
                8.93           0.0183514           0.0135558
                8.94            0.018507           0.0135637
                8.95           0.0186627           0.0135706
                8.96           0.0188184           0.0135764
                8.97           0.0189742           0.0135813
                8.98             0.01913           0.0135851
                8.99           0.0192859           0.0135879
                   9           0.0194418           0.0135896
                9.01           0.0195977           0.0135904
                9.02           0.0197536           0.0135901
                9.03           0.0199095           0.0135888
                9.04           0.0200654           0.0135864
                9.05           0.0202213           0.0135831
                9.06           0.0203771           0.0135787
                9.07           0.0205329           0.0135733
                9.08           0.0206886           0.0135668
                9.09           0.0208442           0.0135594
                 9.1           0.0209997           0.0135509
                9.11           0.0211551           0.0135414
                9.12           0.0213104           0.0135309
                9.13           0.0214656           0.0135193
                9.14           0.0216206           0.0135068
                9.15           0.0217755           0.0134932
                9.16           0.0219303           0.0134786
                9.17           0.0220849           0.0134629
                9.18           0.0222392           0.0134463
                9.19           0.0223934           0.0134287
                 9.2           0.0225474             0.01341
                9.21           0.0227012           0.0133903
                9.22           0.0228547           0.0133696
                9.23            0.023008           0.0133479
                9.24           0.0231611           0.0133252
                9.25           0.0233139           0.0133015
                9.26           0.0234664           0.0132768
                9.27           0.0236186           0.0132511
                9.28           0.0237706           0.0132244
                9.29           0.0239222           0.0131967
                 9.3           0.0240735            0.013168
                9.31           0.0242245           0.0131383
                9.32           0.0243752           0.0131076
                9.33           0.0245254           0.0130759
                9.34           0.0246754           0.0130433
                9.35           0.0248249           0.0130096
                9.36           0.0249741            0.012975
                9.37           0.0251229           0.0129394
                9.38           0.0252712           0.0129028
                9.39           0.0254192           0.0128652
                 9.4           0.0255667           0.0128267
                9.41           0.0257137           0.0127872
                9.42           0.0258604           0.0127468
                9.43           0.0260065           0.0127054
                9.44           0.0261522            0.012663
                9.45           0.0262974           0.0126197
                9.46           0.0264421           0.0125754
                9.47           0.0265863           0.0125301
                9.48             0.02673            0.012484
                9.49           0.0268731           0.0124369
                 9.5           0.0270157           0.0123888
                9.51           0.0271578           0.0123398
                9.52           0.0272993           0.0122899
                9.53           0.0274403           0.0122391
                9.54           0.0275806           0.0121873
                9.55           0.0277204           0.0121346
                9.56           0.0278596            0.012081
                9.57           0.0279981           0.0120265
                9.58           0.0281361           0.0119711
                9.59           0.0282734           0.0119148
                 9.6             0.02841           0.0118576
                9.61            0.028546           0.0117994
                9.62           0.0286814           0.0117404
                9.63            0.028816           0.0116806
                9.64             0.02895           0.0116198
                9.65           0.0290833           0.0115582
                9.66           0.0292159           0.0114957
                9.67           0.0293478           0.0114323
                9.68            0.029479           0.0113681
                9.69           0.0296094            0.011303
                 9.7           0.0297391            0.011237
                9.71            0.029868           0.0111702
                9.72           0.0299962           0.0111026
                9.73           0.0301236           0.0110341
                9.74           0.0302502           0.0109648
                9.75           0.0303761           0.0108947
                9.76           0.0305011           0.0108238
                9.77           0.0306253            0.010752
                9.78           0.0307488           0.0106795
                9.79           0.0308713           0.0106061
                 9.8           0.0309931           0.0105319
                9.81            0.031114            0.010457
                9.82           0.0312341           0.0103812
                9.83           0.0313532           0.0103047
                9.84           0.0314716           0.0102274
                9.85            0.031589           0.0101493
                9.86           0.0317056           0.0100705
                9.87           0.0318212          0.00999088
                9.88            0.031936          0.00991054
                9.89           0.0320498          0.00982945
                 9.9           0.0321627          0.00974762
                9.91           0.0322747          0.00966506
                9.92           0.0323857          0.00958177
                9.93           0.0324958          0.00949776
                9.94           0.0326049          0.00941304
                9.95           0.0327131          0.00932761
                9.96           0.0328203          0.00924148
                9.97           0.0329265          0.00915466
                9.98           0.0330317          0.00906715
                9.99           0.0331359          0.00897895
                  10           0.0332392          0.00889009
               10.01           0.0333414          0.00880055
               10.02           0.0334425          0.00871035
               10.03           0.0335427          0.00861951
               10.04           0.0336418          0.00852801
               10.05           0.0337399          0.00843587
               10.06            0.033837           0.0083431
               10.07           0.0339329          0.00824971
               10.08           0.0340278          0.00815569
               10.09           0.0341217          0.00806107
                10.1           0.0342145          0.00796584
               10.11           0.0343061          0.00787001
               10.12           0.0343967          0.00777359
               10.13           0.0344862          0.00767659
               10.14           0.0345746          0.00757902
               10.15           0.0346619          0.00748088
               10.16            0.034748          0.00738217
               10.17            0.034833          0.00728292
               10.18           0.0349169          0.00718312
               10.19           0.0349997          0.00708278
                10.2           0.0350813          0.00698191
               10.21           0.0351618          0.00688052
               10.22           0.0352411          0.00677861
               10.23           0.0353192           0.0066762
               10.24           0.0353962          0.00657329
               10.25            0.035472          0.00646989
               10.26           0.0355466            0.006366
               10.27           0.0356201          0.00626164
               10.28           0.0356923          0.00615681
               10.29           0.0357634          0.00605152
                10.3           0.0358332          0.00594578
               10.31           0.0359019           0.0058396
               10.32           0.0359693          0.00573298
               10.33           0.0360355          0.00562594
               10.34           0.0361005          0.00551847
               10.35           0.0361643           0.0054106
               10.36           0.0362269          0.00530232
               10.37           0.0362882          0.00519365
               10.38           0.0363482          0.00508459
               10.39            0.036407          0.00497515
                10.4           0.0364646          0.00486535
               10.41           0.0365209          0.00475518
               10.42            0.036576          0.00464466
               10.43           0.0366298          0.00453379
               10.44           0.0366823          0.00442259
               10.45           0.0367336          0.00431107
               10.46           0.0367836          0.00419922
               10.47           0.0368323          0.00408706
               10.48           0.0368797           0.0039746
               10.49           0.0369259          0.00386185
                10.5           0.0369707          0.00374881
               10.51           0.0370143           0.0036355
               10.52           0.0370566          0.00352192
               10.53           0.0370975          0.00340808
               10.54           0.0371372          0.00329399
               10.55           0.0371756          0.00317966
               10.56           0.0372126          0.00306509
               10.57           0.0372484           0.0029503
               10.58           0.0372828           0.0028353
               10.59            0.037316          0.00272009
                10.6           0.0373478          0.00260468
               10.61           0.0373783          0.00248908
               10.62           0.0374074           0.0023733
               10.63           0.0374353          0.00225735
               10.64           0.0374618          0.00214124
               10.65            0.037487          0.00202498
               10.66           0.0375108          0.00190856
               10.67           0.0375333          0.00179202
               10.68           0.0375545          0.00167534
               10.69           0.0375744          0.00155855
                10.7           0.0375929          0.00144165
               10.71           0.0376101          0.00132465
               10.72           0.0376259          0.00120755
               10.73           0.0376404          0.00109037
               10.74           0.0376536         0.000973123
               10.75           0.0376654         0.000855808
               10.76           0.0376759         0.000738436
               10.77            0.037685         0.000621017
               10.78           0.0376928          0.00050356
               10.79           0.0376993         0.000386074
                10.8           0.0377044         0.000268568
               10.81           0.0377081         0.000151051
               10.82           0.0377105         3.35312e-05
               10.83           0.0377116        -8.39819e-05
               10.84           0.0377113        -0.000201479
               10.85           0.0377096        -0.000318952
               10.86           0.0377067        -0.000436392
               10.87           0.0377023        -0.000553789
               10.88           0.0376967        -0.000671135
               10.89           0.0376896         -0.00078842
                10.9           0.0376813        -0.000905637
               10.91           0.0376716         -0.00102277
               10.92           0.0376605         -0.00113983
               10.93           0.0376481         -0.00125678
               10.94           0.0376344         -0.00137363
               10.95           0.0376193         -0.00149037
               10.96           0.0376029         -0.00160698
               10.97           0.0375852         -0.00172346
               10.98           0.0375661         -0.00183981
               10.99           0.0375456           -0.001956
                  11           0.0375239         -0.00207203
               11.01           0.0375008          -0.0021879
               11.02           0.0374764         -0.00230359
               11.03           0.0374506          -0.0024191
               11.04           0.0374236         -0.00253442
               11.05           0.0373952         -0.00264953
               11.06           0.0373655         -0.00276443
               11.07           0.0373344         -0.00287911
               11.08           0.0373021         -0.00299356
               11.09           0.0372684         -0.00310778
                11.1           0.0372334         -0.00322175
               11.11           0.0371971         -0.00333547
               11.12           0.0371595         -0.00344892
               11.13           0.0371206          -0.0035621
               11.14           0.0370804           -0.003675
               11.15            0.037039         -0.00378761
               11.16           0.0369962         -0.00389993
               11.17           0.0369521         -0.00401194
               11.18           0.0369067         -0.00412363
               11.19           0.0368601           -0.004235
                11.2           0.0368121         -0.00434604
               11.21           0.0367629         -0.00445674
               11.22           0.0367124         -0.00456709
               11.23           0.0366607         -0.00467709
               11.24           0.0366077         -0.00478671
               11.25           0.0365534         -0.00489597
               11.26           0.0364979         -0.00500484
               11.27           0.0364411         -0.00511333
               11.28           0.0363831         -0.00522141
               11.29           0.0363238         -0.00532909
                11.3           0.0362633         -0.00543635
               11.31           0.0362015         -0.00554319
               11.32           0.0361385          -0.0056496
               11.33           0.0360743         -0.00575557
               11.34           0.0360089         -0.00586109
               11.35           0.0359423         -0.00596616
               11.36           0.0358744         -0.00607077
               11.37           0.0358054          -0.0061749
               11.38           0.0357351         -0.00627855
               11.39           0.0356637         -0.00638172
                11.4           0.0355911         -0.00648439
               11.41           0.0355173         -0.00658656
               11.42           0.0354423         -0.00668822
               11.43           0.0353661         -0.00678935
               11.44           0.0352888         -0.00688997
               11.45           0.0352103         -0.00699005
               11.46           0.0351307         -0.00708959
               11.47           0.0350499         -0.00718858
               11.48            0.034968         -0.00728701
               11.49           0.0348849         -0.00738488
                11.5           0.0348008         -0.00748218
               11.51           0.0347155          -0.0075789
               11.52            0.034629         -0.00767503
               11.53           0.0345415         -0.00777057
               11.54           0.0344529         -0.00786551
               11.55           0.0343632         -0.00795984
               11.56           0.0342724         -0.00805356
               11.57           0.0341805         -0.00814665
               11.58           0.0340875         -0.00823912
               11.59           0.0339935         -0.00833094
                11.6           0.0338984         -0.00842213
               11.61           0.0338023         -0.00851266
               11.62           0.0337051         -0.00860254
               11.63           0.0336069         -0.00869176
               11.64           0.0335077          -0.0087803
               11.65           0.0334074         -0.00886816
               11.66           0.0333061         -0.00895534
               11.67           0.0332039         -0.00904183
               11.68           0.0331006         -0.00912763
               11.69           0.0329963         -0.00921272
                11.7           0.0328911         -0.00929709
               11.71           0.0327849         -0.00938075
               11.72           0.0326777         -0.00946369
               11.73           0.0325695          -0.0095459
               11.74           0.0324605         -0.00962737
               11.75           0.0323504          -0.0097081
               11.76           0.0322395         -0.00978809
               11.77           0.0321276         -0.00986731
               11.78           0.0320148         -0.00994578
               11.79           0.0319011          -0.0100235
                11.8           0.0317865          -0.0101004
               11.81            0.031671          -0.0101766
               11.82           0.0315547          -0.0102519
               11.83           0.0314375          -0.0103265
               11.84           0.0313194          -0.0104003
               11.85           0.0312004          -0.0104733
               11.86           0.0310807          -0.0105454
               11.87             0.03096          -0.0106168
               11.88           0.0308386          -0.0106874
               11.89           0.0307164          -0.0107571
                11.9           0.0305933           -0.010826
               11.91           0.0304695           -0.010894
               11.92           0.0303448          -0.0109613
               11.93           0.0302194          -0.0110276
               11.94           0.0300933          -0.0110932
               11.95           0.0299663          -0.0111579
               11.96           0.0298387          -0.0112217
               11.97           0.0297103          -0.0112846
               11.98           0.0295811          -0.0113467
               11.99           0.0294513          -0.0114079
                  12           0.0293207          -0.0114683
               12.01           0.0291895          -0.0115277
               12.02           0.0290576          -0.0115863
               12.03            0.028925           -0.011644
               12.04           0.0287917          -0.0117007
               12.05           0.0286578          -0.0117566
               12.06           0.0285232          -0.0118116
               12.07            0.028388          -0.0118657
               12.08           0.0282522          -0.0119188
               12.09           0.0281157          -0.0119711
                12.1           0.0279787          -0.0120224
               12.11           0.0278411          -0.0120728
               12.12           0.0277029          -0.0121223
               12.13           0.0275641          -0.0121708
               12.14           0.0274247          -0.0122184
               12.15           0.0272849           -0.012265
               12.16           0.0271444          -0.0123108
               12.17           0.0270035          -0.0123555
               12.18            0.026862          -0.0123994
               12.19           0.0267201          -0.0124422
                12.2           0.0265776          -0.0124841
               12.21           0.0264347          -0.0125251
               12.22           0.0262913          -0.0125651
               12.23           0.0261474          -0.0126041
               12.24           0.0260031          -0.0126422
               12.25           0.0258583          -0.0126792
               12.26           0.0257132          -0.0127154
               12.27           0.0255676          -0.0127505
               12.28           0.0254216          -0.0127846
               12.29           0.0252752          -0.0128178
                12.3           0.0251284            -0.01285
               12.31           0.0249813          -0.0128812
               12.32           0.0248338          -0.0129114
               12.33            0.024686          -0.0129406
               12.34           0.0245378          -0.0129688
               12.35           0.0243893          -0.0129961
               12.36           0.0242405          -0.0130223
               12.37           0.0240914          -0.0130475
               12.38            0.023942          -0.0130718
               12.39           0.0237924           -0.013095
                12.4           0.0236424          -0.0131172
               12.41           0.0234923          -0.0131384
               12.42           0.0233418          -0.0131586
               12.43           0.0231912          -0.0131778
               12.44           0.0230403           -0.013196
               12.45           0.0228892          -0.0132131
               12.46            0.022738          -0.0132293
               12.47           0.0225865          -0.0132444
               12.48           0.0224349          -0.0132585
               12.49           0.0222831          -0.0132716
                12.5           0.0221312          -0.0132837
               12.51           0.0219792          -0.0132947
               12.52            0.021827          -0.0133048
               12.53           0.0216747          -0.0133138
               12.54           0.0215223          -0.0133218
               12.55           0.0213698          -0.0133287
               12.56           0.0212173          -0.0133347
               12.57           0.0210646          -0.0133396
               12.58            0.020912          -0.0133435
               12.59           0.0207593          -0.0133463
                12.6           0.0206065          -0.0133482
               12.61           0.0204538           -0.013349
               12.62            0.020301          -0.0133488
               12.63           0.0201483          -0.0133476
               12.64           0.0199956          -0.0133453
               12.65           0.0198429           -0.013342
               12.66           0.0196902          -0.0133377
               12.67           0.0195376          -0.0133324
               12.68           0.0193851           -0.013326
               12.69           0.0192327          -0.0133186
                12.7           0.0190803          -0.0133102
               12.71           0.0189281          -0.0133008
               12.72           0.0187759          -0.0132904
               12.73           0.0186239          -0.0132789
               12.74           0.0184721          -0.0132664
               12.75           0.0183204          -0.0132529
               12.76           0.0181688          -0.0132384
               12.77           0.0180174          -0.0132228
               12.78           0.0178662          -0.0132063
               12.79           0.0177153          -0.0131887
                12.8           0.0175645          -0.0131701
               12.81           0.0174139          -0.0131505
               12.82           0.0172636          -0.0131299
               12.83           0.0171135          -0.0131083
               12.84           0.0169637          -0.0130857
               12.85           0.0168141           -0.013062
               12.86           0.0166649          -0.0130374
               12.87           0.0165159          -0.0130118
               12.88           0.0163672          -0.0129851
               12.89           0.0162188          -0.0129575
                12.9           0.0160708          -0.0129289
               12.91           0.0159231          -0.0128992
               12.92           0.0157758          -0.0128686
               12.93           0.0156288           -0.012837
               12.94           0.0154822          -0.0128044
               12.95           0.0153359          -0.0127709
               12.96           0.0151901          -0.0127363
               12.97           0.0150447          -0.0127008
               12.98           0.0148997          -0.0126643
               12.99           0.0147551          -0.0126268
                  13            0.014611          -0.0125884
               13.01           0.0144673          -0.0125489
               13.02           0.0143241          -0.0125086
               13.03           0.0141813          -0.0124672
               13.04           0.0140391          -0.0124249
               13.05           0.0138973          -0.0123817
               13.06           0.0137561          -0.0123374
               13.07           0.0136153          -0.0122923
               13.08           0.0134751          -0.0122462
               13.09           0.0133355          -0.0121991
                13.1           0.0131964          -0.0121512
               13.11           0.0130578          -0.0121023
               13.12           0.0129198          -0.0120524
               13.13           0.0127825          -0.0120016
               13.14           0.0126457          -0.0119499
               13.15           0.0125095          -0.0118973
               13.16           0.0123739          -0.0118438
               13.17            0.012239          -0.0117894
               13.18           0.0121046           -0.011734
               13.19            0.011971          -0.0116778
                13.2            0.011838          -0.0116206
               13.21           0.0117057          -0.0115626
               13.22            0.011574          -0.0115037
               13.23            0.011443          -0.0114438
               13.24           0.0113128          -0.0113831
               13.25           0.0111832          -0.0113216
               13.26           0.0110544          -0.0112591
               13.27           0.0109263          -0.0111958
               13.28           0.0107989          -0.0111317
               13.29           0.0106723          -0.0110666
                13.3           0.0105464          -0.0110008
               13.31           0.0104213           -0.010934
               13.32            0.010297          -0.0108665
               13.33           0.0101735          -0.0107981
               13.34           0.0100508          -0.0107288
               13.35          0.00992886          -0.0106588
               13.36          0.00980776          -0.0105879
               13.37          0.00968748          -0.0105162
               13.38          0.00956804          -0.0104437
               13.39          0.00944945          -0.0103704
                13.4          0.00933172          -0.0102963
               13.41          0.00921484          -0.0102214
               13.42          0.00909884          -0.0101457
               13.43          0.00898372          -0.0100692
               13.44          0.00886949         -0.00999198
               13.45          0.00875616         -0.00991397
               13.46          0.00864374         -0.00983519
               13.47          0.00853223         -0.00975566
               13.48          0.00842166         -0.00967537
               13.49          0.00831201         -0.00959434
                13.5          0.00820331         -0.00951256
               13.51          0.00809556         -0.00943006
               13.52          0.00798877         -0.00934682
               13.53          0.00788294         -0.00926287
               13.54           0.0077781          -0.0091782
               13.55          0.00767424         -0.00909283
               13.56          0.00757136         -0.00900675
               13.57          0.00746949         -0.00891998
               13.58          0.00736863         -0.00883252
               13.59          0.00726879         -0.00874438
                13.6          0.00716996         -0.00865556
               13.61          0.00707217         -0.00856608
               13.62          0.00697542         -0.00847593
               13.63          0.00687972         -0.00838513
               13.64          0.00678506         -0.00829368
               13.65          0.00669147          -0.0082016
               13.66          0.00659895         -0.00810887
               13.67          0.00650751         -0.00801553
               13.68          0.00641714         -0.00792156
               13.69          0.00632787         -0.00782698
                13.7          0.00623969          -0.0077318
               13.71          0.00615262         -0.00763601
               13.72          0.00606666         -0.00753964
               13.73          0.00598181         -0.00744269
               13.74          0.00589809         -0.00734515
               13.75           0.0058155         -0.00724705
               13.76          0.00573404         -0.00714839
               13.77          0.00565373         -0.00704918
               13.78          0.00557456         -0.00694942
               13.79          0.00549655         -0.00684912
                13.8           0.0054197         -0.00674829
               13.81          0.00534402         -0.00664694
               13.82          0.00526951         -0.00654508
               13.83          0.00519618          -0.0064427
               13.84          0.00512404         -0.00633983
               13.85          0.00505308         -0.00623646
               13.86          0.00498332         -0.00613261
               13.87          0.00491476         -0.00602829
               13.88          0.00484741          -0.0059235
               13.89          0.00478127         -0.00581824
                13.9          0.00471634         -0.00571254
               13.91          0.00465264         -0.00560639
               13.92          0.00459016          -0.0054998
               13.93          0.00452892         -0.00539279
               13.94          0.00446891         -0.00528536
               13.95          0.00441014         -0.00517751
               13.96          0.00435261         -0.00506926
               13.97          0.00429634         -0.00496062
               13.98          0.00424131         -0.00485159
               13.99          0.00418755         -0.00474218
                  14          0.00413505         -0.00463241
               14.01          0.00408382         -0.00452227
               14.02          0.00403385         -0.00441177
               14.03          0.00398516         -0.00430093
               14.04          0.00393775         -0.00418976
               14.05          0.00389162         -0.00407826
               14.06          0.00384678         -0.00396643
               14.07          0.00380322          -0.0038543
               14.08          0.00376096         -0.00374186
               14.09          0.00371999         -0.00362913
                14.1          0.00368032         -0.00351612
               14.11          0.00364195         -0.00340282
               14.12          0.00360489         -0.00328926
               14.13          0.00356913         -0.00317544
               14.14          0.00353469         -0.00306137
               14.15          0.00350155         -0.00294706
               14.16          0.00346973         -0.00283251
               14.17          0.00343923         -0.00271774
               14.18          0.00341006         -0.00260275
               14.19           0.0033822         -0.00248755
                14.2          0.00335567         -0.00237216
               14.21          0.00333046         -0.00225658
               14.22          0.00330658         -0.00214081
               14.23          0.00328404         -0.00202487
               14.24          0.00326282         -0.00190877
               14.25          0.00324294         -0.00179252
               14.26           0.0032244         -0.00167612
               14.27          0.00320719         -0.00155958
               14.28          0.00319132         -0.00144292
               14.29          0.00317679         -0.00132613
                14.3           0.0031636         -0.00120924
               14.31          0.00315176         -0.00109224
               14.32          0.00314125        -0.000975156
               14.33          0.00313209        -0.000857985
               14.34          0.00312427        -0.000740739
               14.35           0.0031178        -0.000623428
               14.36          0.00311268        -0.000506061
               14.37           0.0031089        -0.000388645
               14.38          0.00310646        -0.000271191
               14.39          0.00310537        -0.000153707
                14.4          0.00310563        -3.62019e-05
